1392826837720,4.99082882285
1392826874850,4.99074707031
1392827011040,4.98494264025
1392827050910,4.98952078227
1392827092190,4.99059264885
1392827131250,4.98853975183
1392827172340,4.98723171126
1392827212680,4.98821274169
1392827252150,4.98886676198
1392827291840,4.99017480256
1392827442480,4.99074707031
1392827471300,4.99028380594
1392827625620,4.98843074845
1392827664070,4.98853975183
1392975593230,4.99002901053
1392976815360,4.98954118177
1392978037410,4.98978164151
1392979259130,4.98941551615
1392980481540,4.99006004051
1392981702850,4.98964627009
1392982923840,4.98925800626
1392994525140,4.98919166578
1392995744730,4.98965201309
1392996963270,4.98924391724
1392998185640,4.98922577964
1392999403730,4.98846400071
