1392671751502,11530.3928571
1392671864064,13708.0
1392671899430,16126.6896552
1392671934334,12305.137931
1392671971987,5729.31034483
1392672009871,7619.93103448
1392672044539,9397.55172414
1392672079132,7765.24137931
1392672113963,-3570.4137931
1392673094929,-14491.2857143
1392673131563,-17032.4137931
1392673164842,-18864.4482759
1392673198023,-18519.4827586
1392673231171,-14340.7931034
1392673264329,-18590.0344828
1392673297724,-17173.5517241
1392673330904,-19794.5862069
1392673364233,-18095.7586207
1392673397822,-20571.4137931
1392673619644,-13540.3571429
1393353982442,-11634.6785714
