1393360103739,-46.0
1393361311562,-46.0
1393362518775,-46.0
1393363727154,-46.0
1393364933504,-46.0
1393366140876,-46.0
1393367348875,-46.0
1393368575396,-46.0
1393369781993,-46.0
1393370989122,-46.0
1393372195615,-46.0
1393373403642,-46.0
1393374610382,-46.0
1393375817637,-46.0
1393377024018,-46.0
1393378235905,-46.0
1393379443082,-46.0
1393380650747,-46.0
1393381857750,-46.0
1393383064270,-46.0
1393384270923,-46.0
1393385478485,-46.0
1393386685624,-46.0
1393387892573,-46.0
1393389098678,-46.0
1393390305898,-46.0
1393391512963,-46.0
1393392722088,-46.0
1393393929165,-46.0
1393395136181,-46.0
1393396342934,-46.0
1393397550310,-46.0
1393398757474,-46.0
1393399964249,-46.0
1393401171087,-46.0
1393402378058,-46.0
1393403584601,-46.0
1393404791770,-46.0
1393405998504,-46.0
1393407205101,-46.0
1393408412242,-46.0
1393409619113,-46.0
1393410825861,-46.0
1393412032736,-46.0
1393413239736,-46.0
1393414446587,-46.0
1393415653418,-46.0
1393416860175,-46.0
1393418066209,-46.0
1393419273175,-46.0
1393420479921,-46.0
1393528999295,-46.0
1393529019740,-46.0
1393529068069,-46.0
1393529087595,-46.0
1393529108233,-46.0
1393604262301,-46.0
1393604594280,-46.0
1393604614226,-46.0
1393604653645,-46.0
1393605805550,-46.0
1393607571850,-46.0
1393621706494,-46.0
1393622257237,-46.0
1393623479133,-46.0
1393624679257,-46.0
1393858232142,-46.0
1393865410080,-46.0
1393866341533,-46.0
1393875762371,-46.0
1393877402908,-46.0
1393877414339,-46.0
1393877565622,-46.0
1393877685740,-46.0
1393877805777,-46.0
1393877925873,-46.0
1393878045891,-46.0
1393878165960,-46.0
1393878285954,-46.0
1393945752315,-46.0
1393945872297,-46.0
1393950235343,-46.0
1393955487896,-46.0
1393956035126,-46.0
1393956055586,-46.0
1393956871468,-46.0
1393957916774,-46.0
1393958548461,-46.0
1393958608930,-46.0
1393959851393,-46.0
1393959871855,-46.0
1393959891244,-46.0
1393959911692,-46.0
1393959931070,-46.0
1393959951514,-46.0
1393959971975,-46.0
1393959991347,-46.0
1393960011812,-46.0
1393960031192,-46.0
1393960051625,-46.0
1393960072076,-46.0
1393960091466,-46.0
1393960111933,-46.0
1393960131308,-46.0
1393960151747,-46.0
1393960171122,-46.0
1393960191599,-46.0
1393960212044,-46.0
1393960231412,-46.0
1393960251877,-46.0
1393960271263,-46.0
1393960291715,-46.0
1393960312160,-46.0
1393960331537,-46.0
1393960351987,-46.0
1393960371365,-46.0
