1393400967970,-46.0
1393402195580,-46.0
1393403420460,-46.0
1393404645600,-46.0
1393405870820,-46.0
1393407095620,-46.0
1393409446050,-46.0
1393409533670,-46.0
1393409625980,-46.0
1393409829210,-46.0
1393409914430,-46.0
1393409997880,-46.0
1393414466550,-46.0
1393414551480,-46.0
1393414635660,-46.0
1393414719740,-46.0
1393414804220,-46.0
1393414888050,-46.0
1393414972230,-46.0
1393415056210,-46.0
1393415141540,-46.0
1393415226060,-46.0
1393415310250,-46.0
1393415394330,-46.0
1393415478420,-46.0
1393415562610,-46.0
1393415646750,-46.0
1393415730930,-46.0
1393415817710,-46.0
1393415901740,-46.0
1393415985620,-46.0
1393416070080,-46.0
1393416155670,-46.0
1393416239930,-46.0
1393416323990,-46.0
1393416420890,-46.0
1393416504850,-46.0
1393416589120,-46.0
1393416673330,-46.0
1393416757610,-46.0
1393416841250,-46.0
1393416925450,-46.0
1393417009450,-46.0
1393417093370,-46.0
1393417177060,-46.0
1393417261170,-46.0
1393417345230,-46.0
1393417429590,-46.0
1393417513710,-46.0
1393417597830,-46.0
1393417681590,-46.0
1393417765320,-46.0
1393417849080,-46.0
1393417933500,-46.0
1393418018690,-46.0
1393418105500,-46.0
1393418189030,-46.0
1393418273240,-46.0
1393418357090,-46.0
1393418441210,-46.0
1393418524920,-46.0
1393418608970,-46.0
1393418692890,-46.0
1393418776720,-46.0
1393418860430,-46.0
1393418944520,-46.0
1393419028930,-46.0
1393419113510,-46.0
1393419197870,-46.0
1393419281840,-46.0
1393419366240,-46.0
1393419450440,-46.0
1393419534490,-46.0
1393419618950,-46.0
1393419703310,-46.0
1393419787930,-46.0
1393419871720,-46.0
1393419956070,-46.0
1393420039970,-46.0
1393420123900,-46.0
1393420207780,-46.0
1393420291650,-46.0
1393420375480,-46.0
1393420462540,-46.0
1393420546310,-46.0
1393420630380,-46.0
1393420714270,-46.0
1393420798270,-46.0
1393420882040,-46.0
1393420965850,-46.0
1393421049810,-46.0
1393421133340,-46.0
1393421217130,-46.0
1393421300820,-46.0
1393421384690,-46.0
1393421468940,-46.0
1393421553360,-46.0
1393421637340,-46.0
1393421724720,-46.0
1393421808710,-46.0
1393421892750,-46.0
1393421976780,-46.0
1393422061150,-46.0
1393422145080,-46.0
1393422229130,-46.0
1393422313390,-46.0
1393422397270,-46.0
1393422481660,-46.0
1393422565700,-46.0
1393422649480,-46.0
1393422733410,-46.0
1393422816990,-46.0
1393422902030,-46.0
1393422985980,-46.0
1393423070040,-46.0
1393423154280,-46.0
1393423238570,-46.0
1393423322470,-46.0
1393423406440,-46.0
1393423490870,-46.0
1393423577060,-46.0
1393423661220,-46.0
1393423746940,-46.0
1393423835250,-46.0
1393423919420,-46.0
1393424003710,-46.0
1393424087610,-46.0
1393424171560,-46.0
1393424255510,-46.0
1393424339400,-46.0
1393424423050,-46.0
1393424507070,-46.0
1393424591120,-46.0
1393424675030,-46.0
1393424759110,-46.0
1393424842940,-46.0
1393424927020,-46.0
1393425011140,-46.0
1393425095160,-46.0
1393425179340,-46.0
1393425263040,-46.0
1393425347650,-46.0
1393425431840,-46.0
1393425515770,-46.0
1393425599760,-46.0
1393425683930,-46.0
1393425768040,-46.0
1393425852500,-46.0
1393425936480,-46.0
1393426020240,-46.0
1393426104540,-46.0
1393426188710,-46.0
1393426272750,-46.0
1393426357240,-46.0
1393426441680,-46.0
1393426525540,-46.0
1393426609980,-46.0
1393426694960,-46.0
1393426778900,-46.0
1393426863310,-46.0
1393426946990,-46.0
1393427030870,-46.0
1393427114950,-46.0
1393427198730,-46.0
1393427282990,-46.0
1393427368100,-46.0
1393427452430,-46.0
1393427542610,-46.0
1393427626440,-46.0
1393427710450,-46.0
1393427795640,-46.0
1393427880200,-46.0
1393427964300,-46.0
1393428048230,-46.0
1393428132120,-46.0
1393428216030,-46.0
1393428299870,-46.0
1393428384430,-46.0
1393428468410,-46.0
1393428552630,-46.0
1393428636250,-46.0
1393428721950,-46.0
1393428805950,-46.0
1393428889970,-46.0
1393428973820,-46.0
1393429058440,-46.0
1393429142790,-46.0
1393429226680,-46.0
1393429310710,-46.0
1393429394870,-46.0
1393429478940,-46.0
1393429563010,-46.0
1393429652850,-46.0
1393429736770,-46.0
1393429820750,-46.0
1393429904730,-46.0
1393430002910,-46.0
1393430087120,-46.0
1393430174600,-46.0
1393430287340,-46.0
1393430375330,-46.0
1393430466250,-46.0
1393430549990,-46.0
1393430634200,-46.0
1393430718340,-46.0
1393430802680,-46.0
1393430886630,-46.0
1393430970760,-46.0
1393431055090,-46.0
1393431138850,-46.0
1393431223500,-46.0
1393431315720,-46.0
1393431400870,-46.0
1393431484960,-46.0
1393431568760,-46.0
1393431652920,-46.0
1393431736750,-46.0
1393431821020,-46.0
1393431904850,-46.0
1393431988860,-46.0
1393432072590,-46.0
1393432156570,-46.0
1393432240570,-46.0
1393432324410,-46.0
1393432408260,-46.0
1393432492300,-46.0
1393432576230,-46.0
1393432660300,-46.0
1393432744220,-46.0
1393432828090,-46.0
1393432911730,-46.0
1393432995680,-46.0
1393433079550,-46.0
1393433163530,-46.0
1393433247320,-46.0
1393433331230,-46.0
1393433415200,-46.0
1393433499070,-46.0
1393433583150,-46.0
1393433667150,-46.0
1393433751330,-46.0
1393433835130,-46.0
1393433919060,-46.0
1393434002850,-46.0
1393434086760,-46.0
1393434170760,-46.0
1393434254650,-46.0
1393434338890,-46.0
1393434422830,-46.0
1393434506430,-46.0
1393434590150,-46.0
1393434673860,-46.0
1393434757960,-46.0
1393434841840,-46.0
1393434925610,-46.0
1393435009450,-46.0
1393435093230,-46.0
1393435177200,-46.0
1393435266840,-46.0
1393435350820,-46.0
1393435434520,-46.0
1393435518440,-46.0
1393435602540,-46.0
1393435686260,-46.0
1393435769850,-46.0
1393435854380,-46.0
1393435938520,-46.0
1393436022700,-46.0
1393436106610,-46.0
1393436190490,-46.0
1393436274240,-46.0
1393436358110,-46.0
1393436441800,-46.0
1393436525840,-46.0
1393436609690,-46.0
1393436693730,-46.0
1393436777560,-46.0
1393436861840,-46.0
1393436945620,-46.0
1393437029700,-46.0
1393437113360,-46.0
1393437197130,-46.0
1393437281250,-46.0
1393437365410,-46.0
1393437449100,-46.0
1393437534260,-46.0
1393437618280,-46.0
1393437702270,-46.0
1393437786430,-46.0
1393437870290,-46.0
1393437954250,-46.0
1393438038020,-46.0
1393438121930,-46.0
1393438205760,-46.0
1393438289630,-46.0
1393438373560,-46.0
1393438457280,-46.0
1393438541230,-46.0
1393438625100,-46.0
1393438708850,-46.0
1393438792930,-46.0
1393438876910,-46.0
1393438963450,-46.0
1393439047310,-46.0
1393439130910,-46.0
1393439214770,-46.0
1393439298760,-46.0
1393439382790,-46.0
1393439466850,-46.0
1393439551190,-46.0
1393439634930,-46.0
1393439718710,-46.0
1393439802690,-46.0
1393439886680,-46.0
1393439970950,-46.0
1393440055060,-46.0
1393440138870,-46.0
1393440222890,-46.0
1393440306820,-46.0
1393440390760,-46.0
1393440474500,-46.0
1393440558520,-46.0
1393440642480,-46.0
1393440726190,-46.0
1393440809740,-46.0
1393440893740,-46.0
1393440977920,-46.0
1393441061850,-46.0
1393441145820,-46.0
1393441229620,-46.0
1393441313490,-46.0
1393441397610,-46.0
1393441481280,-46.0
1393441565200,-46.0
1393441649290,-46.0
1393441733080,-46.0
1393441816800,-46.0
1393441900870,-46.0
1393441984960,-46.0
1393442069110,-46.0
1393442152840,-46.0
1393442237260,-46.0
1393442321410,-46.0
1393442405430,-46.0
1393442488850,-46.0
1393442572840,-46.0
1393442656740,-46.0
1393442740690,-46.0
1393442824320,-46.0
1393442908350,-46.0
1393442992270,-46.0
1393443076450,-46.0
1393443160140,-46.0
1393443244210,-46.0
1393443328160,-46.0
1393443412030,-46.0
1393443495820,-46.0
1393443579880,-46.0
1393443663830,-46.0
1393443747870,-46.0
1393443832510,-46.0
1393443916670,-46.0
1393444001040,-46.0
1393444084860,-46.0
1393444168580,-46.0
1393444252620,-46.0
1393444336710,-46.0
1393444420540,-46.0
1393444504530,-46.0
1393444588540,-46.0
1393444672240,-46.0
1393444755860,-46.0
1393444839640,-46.0
1393444923540,-46.0
1393445007640,-46.0
1393445091600,-46.0
1393445175550,-46.0
1393445259710,-46.0
1393445343740,-46.0
1393445427540,-46.0
1393445511440,-46.0
1393445595390,-46.0
1393445679330,-46.0
1393445763220,-46.0
1393445846810,-46.0
1393445930920,-46.0
1393446014690,-46.0
1393446098790,-46.0
1393446182840,-46.0
1393446266670,-46.0
1393446350620,-46.0
1393446434310,-46.0
1393446518370,-46.0
1393446602190,-46.0
1393446686230,-46.0
1393446770080,-46.0
1393446854040,-46.0
1393446938020,-46.0
1393447022290,-46.0
1393447106510,-46.0
1393447190120,-46.0
1393447274070,-46.0
1393447358020,-46.0
1393447442010,-46.0
1393447525720,-46.0
1393447609570,-46.0
1393447693510,-46.0
1393447777520,-46.0
1393447861480,-46.0
1393447945350,-46.0
1393448029220,-46.0
1393448113370,-46.0
1393448197340,-46.0
1393448281120,-46.0
1393448364740,-46.0
1393448448990,-46.0
1393448532840,-46.0
1393448616820,-46.0
1393448700580,-46.0
1393448784410,-46.0
1393448867890,-46.0
1393448951750,-46.0
1393449035720,-46.0
1393449119660,-46.0
1393449203350,-46.0
1393449287420,-46.0
1393449371350,-46.0
1393449455250,-46.0
1393449544050,-46.0
1393449627840,-46.0
1393449711920,-46.0
1393449795620,-46.0
1393449879580,-46.0
1393449963460,-46.0
1393450047230,-46.0
1393450131180,-46.0
1393450215110,-46.0
1393450299050,-46.0
1393450382820,-46.0
1393450466890,-46.0
1393450550740,-46.0
1393450634790,-46.0
1393450732040,-46.0
1393450815820,-46.0
1393450899520,-46.0
1393450983590,-46.0
1393451067480,-46.0
1393451151530,-46.0
1393451235610,-46.0
1393451319420,-46.0
1393451403640,-46.0
1393451487860,-46.0
1393451571720,-46.0
1393451655650,-46.0
1393451739750,-46.0
1393451823620,-46.0
1393451907280,-46.0
1393451991240,-46.0
1393452075140,-46.0
1393452159190,-46.0
1393452242850,-46.0
1393452326990,-46.0
1393452411990,-46.0
1393452502780,-46.0
1393452586490,-46.0
1393452674100,-46.0
1393452779070,-46.0
1393452881890,-46.0
1393452966010,-46.0
1393453074260,-46.0
1393453180040,-46.0
1393453263980,-46.0
1393453347900,-46.0
1393453436150,-46.0
1393453537920,-46.0
1393453621750,-46.0
1393453706030,-46.0
1393453796430,-46.0
1393453885020,-46.0
1393453968690,-46.0
1393454054940,-46.0
1393454142880,-46.0
1393454227280,-46.0
1393454310890,-46.0
1393454396170,-46.0
1393454496590,-46.0
1393454580920,-46.0
1393454664780,-46.0
1393454771070,-46.0
1393454856040,-46.0
1393454939650,-46.0
1393455023950,-46.0
1393455137610,-46.0
1393455223380,-46.0
1393455307590,-46.0
1393455392020,-46.0
1393455477320,-46.0
1393455561860,-46.0
1393455645660,-46.0
1393455731930,-46.0
1393455834450,-46.0
1393455921970,-46.0
1393456112040,-46.0
1393456233000,-46.0
1393456333770,-46.0
1393456449520,-46.0
1393456536280,-46.0
1393456687470,-46.0
1393456775610,-46.0
1393456922410,-46.0
1393457009500,-46.0
1393457161000,-46.0
1393457246500,-46.0
1393457333550,-46.0
1393457418880,-46.0
1393457503720,-46.0
1393457587560,-46.0
1393457672210,-46.0
1393457757520,-46.0
1393457841750,-46.0
1393457925560,-46.0
1393458010420,-46.0
1393458109630,-46.0
1393458193450,-46.0
1393458277130,-46.0
1393458362270,-46.0
1393458447180,-46.0
1393458531170,-46.0
1393458615760,-46.0
1393458701210,-46.0
1393458785610,-46.0
1393458869350,-46.0
1393458953910,-46.0
1393459039640,-46.0
1393459124000,-46.0
1393459208030,-46.0
1393459292650,-46.0
1393459377920,-46.0
1393459462100,-46.0
1393459546040,-46.0
1393459630980,-46.0
1393459716390,-46.0
1393459802250,-46.0
1393459886750,-46.0
1393459971900,-46.0
1393460057020,-46.0
1393460144200,-46.0
1393460228600,-46.0
1393460313770,-46.0
1393460398230,-46.0
1393460482010,-46.0
1393460566840,-46.0
1393460651950,-46.0
1393460736250,-46.0
1393460820340,-46.0
1393460905320,-46.0
1393460990270,-46.0
1393461074280,-46.0
1393461158360,-46.0
1393461243460,-46.0
1393461328130,-46.0
1393461412420,-46.0
1393461496780,-46.0
1393461581640,-46.0
1393461665580,-46.0
1393461749650,-46.0
1393461834320,-46.0
1393461918370,-46.0
1393462002290,-46.0
1393462086310,-46.0
1393462170760,-46.0
1393462254720,-46.0
1393462338570,-46.0
1393462422710,-46.0
1393462507400,-46.0
1393462591970,-46.0
1393462675670,-46.0
1393462760300,-46.0
1393462874850,-46.0
1393462959580,-46.0
1393463043450,-46.0
1393463128160,-46.0
1393463213280,-46.0
1393463297590,-46.0
1393463381630,-46.0
1393463467170,-46.0
1393463553000,-46.0
1393463637490,-46.0
1393463721690,-46.0
1393463806790,-46.0
1393463891460,-46.0
1393463975560,-46.0
1393464060180,-46.0
1393464144980,-46.0
1393464229400,-46.0
1393464313510,-46.0
1393464401050,-46.0
1393464485650,-46.0
1393464569620,-46.0
1393464653530,-46.0
1393464737440,-46.0
1393464822090,-46.0
1393464905900,-46.0
1393464989830,-46.0
1393465073770,-46.0
1393465157950,-46.0
1393465242520,-46.0
1393465326540,-46.0
1393465410430,-46.0
1393465494230,-46.0
1393465578070,-46.0
1393465661890,-46.0
1393465745840,-46.0
1393465829720,-46.0
1393465913550,-46.0
1393465997620,-46.0
1393466081370,-46.0
1393466165370,-46.0
1393466249190,-46.0
1393466333370,-46.0
1393466416990,-46.0
1393466500840,-46.0
1393466584800,-46.0
1393466669250,-46.0
1393466753230,-46.0
1393466837330,-46.0
1393466921450,-46.0
1393467005920,-46.0
1393467089880,-46.0
1393467173770,-46.0
1393467257580,-46.0
1393467341450,-46.0
1393467425730,-46.0
1393467509350,-46.0
1393467593240,-46.0
1393467677190,-46.0
1393467761220,-46.0
1393467845170,-46.0
1393467929160,-46.0
1393468013240,-46.0
1393468096750,-46.0
1393468181020,-46.0
1393468265850,-46.0
1393468350070,-46.0
1393468433920,-46.0
1393468517860,-46.0
1393468602280,-46.0
1393468686530,-46.0
1393468770340,-46.0
1393468856400,-46.0
1393468940350,-46.0
1393469024300,-46.0
1393469108320,-46.0
1393469192560,-46.0
1393469276760,-46.0
1393469360740,-46.0
1393469444570,-46.0
1393469528560,-46.0
1393469612330,-46.0
1393469696270,-46.0
1393469779780,-46.0
1393469863640,-46.0
1393469947330,-46.0
1393470031120,-46.0
1393470115740,-46.0
1393470200350,-46.0
1393470284430,-46.0
1393470368650,-46.0
1393470452700,-46.0
1393470537090,-46.0
1393470620800,-46.0
1393470704700,-46.0
1393470789160,-46.0
1393470873060,-46.0
1393470963750,-46.0
1393471047800,-46.0
1393471131570,-46.0
1393471215810,-46.0
1393471299720,-46.0
1393471383520,-46.0
1393471467240,-46.0
1393471551210,-46.0
1393471635210,-46.0
1393471719180,-46.0
1393471802790,-46.0
1393471886710,-46.0
1393471971010,-46.0
1393472055850,-46.0
1393472140200,-46.0
1393472224550,-46.0
1393472308680,-46.0
1393472392450,-46.0
1393472476420,-46.0
1393472560670,-46.0
1393472662950,-46.0
1393472746850,-46.0
1393472830640,-46.0
1393472914570,-46.0
1393472998520,-46.0
1393473082810,-46.0
1393473166430,-46.0
1393473250330,-46.0
1393473334130,-46.0
1393473417910,-46.0
1393473501570,-46.0
1393473585720,-46.0
1393473670730,-46.0
1393473754850,-46.0
1393473838580,-46.0
1393473922660,-46.0
1393474006600,-46.0
1393474090330,-46.0
1393474174150,-46.0
1393474259700,-46.0
1393474343820,-46.0
1393474427990,-46.0
1393474511870,-46.0
1393474595740,-46.0
1393474679750,-46.0
1393474763750,-46.0
1393474847540,-46.0
1393474931450,-46.0
1393475015310,-46.0
1393475098990,-46.0
1393475182390,-46.0
1393475266480,-46.0
1393475350560,-46.0
1393475434550,-46.0
1393475519040,-46.0
1393475603600,-46.0
1393475687480,-46.0
1393475771190,-46.0
1393475855280,-46.0
1393475939030,-46.0
1393476022870,-46.0
1393476106730,-46.0
1393476190630,-46.0
1393476274680,-46.0
1393476358950,-46.0
1393476443000,-46.0
1393476527140,-46.0
1393476611190,-46.0
1393476694960,-46.0
1393476778760,-46.0
1393476862860,-46.0
1393476946820,-46.0
1393477030940,-46.0
1393477115310,-46.0
1393477199240,-46.0
1393477283240,-46.0
1393477367390,-46.0
1393477451930,-46.0
1393477536340,-46.0
1393477620250,-46.0
1393477704570,-46.0
1393477789370,-46.0
1393477873600,-46.0
1393477958160,-46.0
1393478043100,-46.0
1393478128210,-46.0
1393478211690,-46.0
1393478313130,-46.0
1393478398230,-46.0
1393478482930,-46.0
1393478566570,-46.0
1393478650960,-46.0
1393478736140,-46.0
1393478820960,-46.0
1393478904700,-46.0
1393478989130,-46.0
1393479074730,-46.0
1393479158820,-46.0
1393479243040,-46.0
1393479328010,-46.0
1393479413150,-46.0
1393479497110,-46.0
1393479581220,-46.0
1393479667170,-46.0
1393479752240,-46.0
1393479836290,-46.0
1393479934520,-46.0
1393480019750,-46.0
1393480104310,-46.0
1393480188040,-46.0
1393480273980,-46.0
1393480359260,-46.0
1393480444570,-46.0
1393480528490,-46.0
1393480613710,-46.0
1393480715630,-46.0
1393480799450,-46.0
1393480883300,-46.0
1393480968370,-46.0
1393481067810,-46.0
1393481152030,-46.0
1393481236220,-46.0
1393481321810,-46.0
1393481406550,-46.0
1393481490420,-46.0
1393481574800,-46.0
1393481659750,-46.0
1393481744280,-46.0
1393481827940,-46.0
1393481941330,-46.0
1393482026480,-46.0
1393482111460,-46.0
1393482195290,-46.0
1393482280720,-46.0
1393482365700,-46.0
1393482449470,-46.0
1393482536640,-46.0
1393482639550,-46.0
1393482727530,-46.0
1393482812040,-46.0
1393482899940,-46.0
1393482987410,-46.0
1393483071680,-46.0
1393483155630,-46.0
1393483241840,-46.0
1393483355840,-46.0
1393483439740,-46.0
1393483538090,-46.0
1393483636050,-46.0
1393483721340,-46.0
1393483807030,-46.0
1393483893240,-46.0
1393484002040,-46.0
1393484102420,-46.0
1393484186420,-46.0
1393484270360,-46.0
1393484356340,-46.0
1393484446870,-46.0
1393484534020,-46.0
1393484621660,-46.0
1393484705460,-46.0
1393484789300,-46.0
1393484873550,-46.0
1393484958240,-46.0
1393485042240,-46.0
1393485125940,-46.0
1393485209530,-46.0
1393485293670,-46.0
1393485383710,-46.0
1393485467600,-46.0
1393485551120,-46.0
1393485635080,-46.0
1393485719260,-46.0
1393485803490,-46.0
1393486056460,-46.0
1393486295920,-46.0
1393486379260,-46.0
1393486462320,-46.0
1393486545670,-46.0
1393486628660,-46.0
1393486711680,-46.0
1393486794730,-46.0
1393486877830,-46.0
1393487090810,-46.0
1393487151180,-46.0
1393487211210,-46.0
1393487271200,-46.0
1393487331450,-46.0
1393487391560,-46.0
1393487451800,-46.0
1393487512190,-46.0
1393487572530,-46.0
1393487632920,-46.0
1393487693040,-46.0
1393487754220,-46.0
1393487814200,-46.0
1393487874280,-46.0
1393487934590,-46.0
1393487994850,-46.0
1393488054910,-46.0
1393488115270,-46.0
1393488175730,-46.0
1393488235760,-46.0
1393488295980,-46.0
1393488356480,-46.0
1393488416680,-46.0
1393488477140,-46.0
1393488537860,-46.0
1393488599110,-46.0
1393488659870,-46.0
1393488720050,-46.0
1393488780490,-46.0
1393488840800,-46.0
1393488901630,-46.0
1393488961270,-46.0
1393489021590,-46.0
1393489082080,-46.0
1393489142440,-46.0
1393489203510,-46.0
1393489264370,-46.0
1393489324990,-46.0
1393489386030,-46.0
1393489446920,-46.0
1393489507490,-46.0
1393489568170,-46.0
1393489629210,-46.0
1393489690450,-46.0
1393489751990,-46.0
1393489812730,-46.0
1393489873500,-46.0
1393489934060,-46.0
1393489994280,-46.0
1393490054670,-46.0
1393490114730,-46.0
1393490175450,-46.0
1393490236060,-46.0
1393490296850,-46.0
1393490357600,-46.0
1393490418260,-46.0
1393490479270,-46.0
1393490539840,-46.0
1393490600350,-46.0
1393490661000,-46.0
1393490721300,-46.0
1393490780390,-46.0
1393490841400,-46.0
1393490901650,-46.0
1393490962360,-46.0
1393491023540,-46.0
1393491084570,-46.0
1393491144950,-46.0
1393491205270,-46.0
1393491266050,-46.0
1393491326290,-46.0
1393491386690,-46.0
1393491447270,-46.0
1393491507950,-46.0
1393491568200,-46.0
1393491628900,-46.0
1393509202400,-46.0
1393509262240,-46.0
1393509322250,-46.0
1393509382650,-46.0
1393509442380,-46.0
1393509503450,-46.0
1393509562890,-46.0
1393509623750,-46.0
1393509683350,-46.0
1393509744360,-46.0
1393509803910,-46.0
1393509864640,-46.0
1393509924270,-46.0
1393509984160,-46.0
1393510044270,-46.0
1393510105170,-46.0
1393510165290,-46.0
1393510224680,-46.0
1393510285650,-46.0
1393510406320,-46.0
1393510467570,-46.0
1393510526650,-46.0
1393510587520,-46.0
1393510646630,-46.0
1393510708430,-46.0
1393510769870,-46.0
1393510830300,-46.0
1393510890220,-46.0
1393510949650,-46.0
1393511009560,-46.0
1393511069720,-46.0
1393511130870,-46.0
1393511189960,-46.0
1393511251270,-46.0
1393511310950,-46.0
1393511370860,-46.0
1393511430950,-46.0
1393512173210,-46.0
1393512232640,-46.0
1393512292900,-46.0
1393512352650,-46.0
1393512412760,-46.0
1393512472850,-46.0
1393512532540,-46.0
1393512593520,-46.0
1393512653710,-46.0
1393512715130,-46.0
1393512774380,-46.0
1393512834750,-46.0
1393512894670,-46.0
1393512954540,-46.0
1393513015440,-46.0
1393513074840,-46.0
1393513135450,-46.0
1393513194640,-46.0
1393513254830,-46.0
1393513316140,-46.0
1393513376080,-46.0
1393513435480,-46.0
1393513496340,-46.0
1393513555420,-46.0
1393513676980,-46.0
1393513736970,-46.0
1393513797180,-46.0
1393513857850,-46.0
1393513981070,-46.0
1393514041200,-46.0
