1393353982442,0.0
1393360103739,2592.96063464
1393361311562,2592.33870991
1393362518775,2591.5971719
1393363727154,2591.59121186
1393364933504,2573.55666738
1393366140876,1879.73723288
1393367348875,1879.75011362
1393368575396,1879.70621791
1393369781993,1879.42275821
1393370989122,1879.41240876
1393372195615,1879.72356129
1393373403642,1880.07470194
1393374610382,1880.61482786
1393375817637,1880.9332564
1393377024018,1881.63432913
1393378235905,1881.86163132
1393379443082,1882.12372253
1393380650747,1882.39158926
1393381857750,1882.37839693
1393383064270,1882.54180442
1393384270923,1882.6366767
1393385478485,1882.64981457
1393386685624,1882.47333914
1393387892573,1882.41399825
1393389098678,1882.09732161
1393390305898,1882.00055376
1393391512963,1882.01953043
1393392722088,1882.02910395
1393393929165,1882.03843017
1393395136181,1882.10976015
1393396342934,1882.17336437
1393397550310,1882.09180395
1393398757474,1882.14671566
1393399964249,1882.12748831
1393401171087,1882.07240762
1393402378058,1882.02003227
1393403584601,1881.99248897
1393404791770,1881.9258863
1393405998504,1881.87849394
1393407205101,1881.87999353
1393408412242,1881.89625471
1393409619113,1881.91177015
1393410825861,1881.91163395
1393412032736,1881.91508759
1393413239736,1881.94277103
1393414446587,1881.95049597
1393415653418,1881.88237309
1393416860175,1881.64322357
1393418066209,1880.48447933
1393419273175,1879.96978545
1393420479921,1879.62752464
1393528999295,2185.93458388
1393529019740,2185.9297389
1393529068069,2185.89317491
1393529087595,2185.90522204
1393529108233,2185.91065738
1393604262301,2189.60879178
1393604594280,2189.72794596
1393604614226,2189.73918601
1393604653645,2189.70378767
1393604693421,2189.73797286
1393605805550,1581.38283963
1393607571850,2176.35972505
1393621706494,0.0
1393622257237,373.056472168
1393623479133,0.0
1393624679257,0.0
1393858232142,0.0
1393865410080,0.0
1393866341533,2204.82090856
1393875762371,2192.5075887
1393877402908,2192.47829368
1393877414339,2192.48532715
1393877565622,2192.48490287
1393877685740,2192.48031919
1393877805777,2192.4790149
1393877925873,2192.4811
1393878045891,2192.47875977
1393878165960,2192.47789538
1393878285954,2192.47770473
1393945752315,2192.81748399
1393945872297,2192.76717486
1393950235343,2193.83072917
1393955487896,2194.39823405
1393956035126,2194.40094672
1393956055586,2194.40391139
1393956871468,2194.40566678
1393957916774,2194.40687391
1393958548461,2194.40686035
1393958608930,2194.40558183
1393959851393,2194.41437446
1393959871855,2194.41579718
1393959891244,2194.41407535
1393959911692,2194.4205001
1393959931070,2194.42331414
1393959951514,2194.4139854
1393959971975,2194.41374126
1393959991347,2194.42220909
1393960011812,2194.4284668
1393960031192,2194.42481754
1393960051625,2194.42164371
1393960072076,2194.41717208
1393960091466,2194.41909951
1393960111933,2194.40952662
1393960131308,2194.41059313
1393960151747,2194.41366417
1393960171122,2194.4101434
1393960191599,2194.41358707
1393960212044,2194.41120991
1393960231412,2194.4153603
1393960251877,2194.43071546
1393960271263,2194.41362562
1393960291715,2194.41579718
1393960312160,2194.42106548
1393960331537,2194.41511616
1393960351987,2194.41444799
1393960371365,2194.41661955
1395079512172,0.0
1395079989684,0.0
1395080049348,0.0
1395080109193,0.0
1395080170272,0.0
1395080229377,0.0
1395080289683,0.0
1395082307321,0.0
1395082367005,0.0
1395082426842,0.0
1395082487903,0.0
1395082546935,0.0
1395082607267,0.0
1395082667775,0.0
