1392826837720,14.2531861395
1392826874850,3.51285305194
1392827011040,9.31643995608
1392827050910,23.6646190608
1392827092190,10.6236989538
1392827131250,12.6872711219
1392827172340,5.6958577056
1392827212680,3.18982063325
1392827252150,2.10284719482
1392827291840,6.82990627789
1392827442480,2.1813991634
1392827471300,2.16610056568
1392827625620,10.2621828649
1392827664070,7.0029254365
1392975593230,8.55359551982
1392976815360,9.39974211871
1392978037410,12.8297949804
1392979259130,14.9110133836
1392980481540,14.9136427949
1392981702850,17.0729110772
1392982923840,18.988021619
1392994525140,20.0996422166
1392995744730,25.0356436873
1392996963270,20.5935015678
1392998185640,20.8178621741
1392999403730,22.1206017612
1393400967970,5.95778322097
1393402195580,5.2567547627
1393403420460,18.603572538
1393404645600,13.1625204838
1393405870820,13.6887850926
1393407095620,20.2035696098
1393409446050,12.6085706459
1393409533670,7.39432390186
1393409625980,86.9163550944
1393409829210,31.1313602618
1393409914430,27.926159739
1393409997880,13.4540928479
1393414466550,20.3654786321
1393414551480,20.414492198
1393414635660,42.3762167922
1393414719740,26.2574462191
1393414804220,30.6025520215
1393414888050,14.9619307061
1393414972230,28.8420211729
1393415056210,15.6907309504
1393415141540,36.9744831828
1393415226060,16.5665270998
1393415310250,10.3450399155
1393415394330,2.0956108398
1393415478420,22.1952485315
1393415562610,9.70664663621
1393415646750,23.1088176305
1393415730930,8.71609187219
1393415817710,34.0632110574
1393415901740,14.6170198138
1393415985620,8.45334573032
1393416070080,49.3751102755
1393416155670,28.8119613898
1393416239930,21.5129073624
1393416323990,20.2935742619
1393416420890,32.1754579042
1393416504850,6.33715843916
1393416589120,9.37442425908
1393416673330,26.7965094231
1393416757610,25.8252642596
1393416841250,76.7825414721
1393416925450,58.3116626819
1393417009450,38.3005727906
1393417093370,15.2737160361
1393417177060,11.8897866899
1393417261170,36.040207385
1393417345230,13.0508872756
1393417429590,47.7243506677
1393417513710,25.6174873351
1393417597830,11.4758502749
1393417681590,34.006673422
1393417765320,25.2221020435
1393417849080,16.5422530834
1393417933500,56.3906162772
1393418018690,80.8748534211
1393418105500,20.6825570487
1393418189030,8.75256591707
1393418273240,55.0372987307
1393418357090,26.9071847778
1393418441210,2.1996558593
1393418524920,109.978609483
1393418608970,43.6984136124
1393418692890,19.8283843385
1393418776720,34.3753254001
1393418860430,9.13499931351
1393418944520,5.5237132362
1393419028930,51.3989157409
1393419113510,10.0708718953
1393419197870,25.8752931961
1393419281840,27.4590705488
1393419366240,19.9372542557
1393419450440,48.6925459088
1393419534490,18.239400459
1393419618950,11.6976897548
1393419703310,25.3556314541
1393419787930,28.3468957712
1393419871720,8.78257614965
1393419956070,37.0725942084
1393420039970,33.2675698147
1393420123900,15.671038244
1393420207780,39.1558324049
1393420291650,17.1616500745
1393420375480,5.68692712959
1393420462540,26.4964805782
1393420546310,13.6842404974
1393420630380,24.5607601123
1393420714270,10.696339206
1393420798270,31.7535752949
1393420882040,58.4204377832
1393420965850,10.7413462982
1393421049810,1.09389209352
1393421133340,15.4238808675
1393421217130,30.0304516381
1393421300820,19.0792477496
1393421384690,16.5162586408
1393421468940,15.7924896213
1393421553360,19.5716913111
1393421637340,56.683529062
1393421724720,47.5098055104
1393421808710,33.7767903299
1393421892750,11.3932780082
1393421976780,11.0787130359
1393422061150,1.87366167934
1393422145080,38.4385959103
1393422229130,11.8586781338
1393422313390,23.719674515
1393422397270,27.2052740684
1393422481660,8.52359110411
1393422565700,70.3020377261
1393422649480,11.9496920621
1393422733410,22.4934197192
1393422816990,5.29732522988
1393422902030,7.45785407978
1393422985980,9.48385610296
1393423070040,3.53134848413
1393423154280,26.7988625227
1393423238570,8.43696272932
1393423322470,8.2318040182
1393423406440,43.8029311838
1393423490870,27.6552414968
1393423577060,38.2130028998
1393423661220,7.96904742157
1393423746940,23.4826777912
1393423835250,21.3667209597
1393423919420,33.1765096002
1393424003710,43.3567544296
1393424087610,21.6475175799
1393424171560,10.8663959196
1393424255510,40.6536813672
1393424339400,22.2274362088
1393424423050,14.4703260057
1393424507070,39.6997835062
1393424591120,9.82618087832
1393424675030,8.97389698506
1393424759110,8.08983751551
1393424842940,6.61505517707
1393424927020,8.01168218817
1393425011140,5.49105291003
1393425095160,2.89428423524
1393425179340,4.46658613992
1393425263040,12.8922826564
1393425347650,10.1442465939
1393425431840,21.2279095251
1393425515770,26.7437182373
1393425599760,82.575198679
1393425683930,1.43280190574
1393425768040,40.6049235976
1393425852500,15.9897027435
1393425936480,8.14732505443
1393426020240,2.69369247708
1393426104540,23.2646007841
1393426188710,28.3599152595
1393426272750,19.1637466514
1393426357240,26.643124032
1393426441680,79.0518255019
1393426525540,14.2929145212
1393426609980,6.96916357832
1393426694960,45.4151598684
1393426778900,57.7625849513
1393426863310,20.5805787203
1393426946990,17.751531672
1393427030870,36.4093049976
1393427114950,18.0017561125
1393427198730,12.7201004638
1393427282990,4.92976367955
1393427368100,20.4249802024
1393427452430,13.067102611
1393427542610,20.8576886154
1393427626440,21.0659414229
1393427710450,25.6587810839
1393427795640,78.7046868147
1393427880200,27.019633028
1393427964300,5.52305016074
1393428048230,33.5542230639
1393428132120,10.4874918423
1393428216030,8.91452250898
1393428299870,32.1612118468
1393428384430,37.8996432014
1393428468410,17.817800939
1393428552630,84.6153057774
1393428636250,41.4590619598
1393428721950,9.75410211844
1393428805950,59.849624179
1393428889970,8.0866548747
1393428973820,20.8853319394
1393429058440,14.4948034467
1393429142790,2.6495752315
1393429226680,14.9483766615
1393429310710,21.2906067599
1393429394870,35.2707503883
1393429478940,63.2420747836
1393429563010,51.9346344774
1393429652850,25.146615558
1393429736770,14.7403972739
1393429820750,37.8431643784
1393429904730,5.16009159223
1393430002910,19.6054850515
1393430087120,31.3454872385
1393430174600,8.39744916942
1393430287340,7.0674355378
1393430375330,27.0664827845
1393430466250,18.5538972653
1393430549990,7.9137937899
1393430634200,25.7012511129
1393430718340,6.22453701192
1393430802680,20.7408827946
1393430886630,44.8538349327
1393430970760,4.32123255994
1393431055090,13.4599667095
1393431138850,13.3762102214
1393431223500,18.3229052075
1393431315720,8.00416954228
1393431400870,25.9983714352
1393431484960,9.18981918462
1393431568760,3.40123217771
1393431652920,15.7804386862
1393431736750,20.4956719518
1393431821020,12.4441505266
1393431904850,42.1450963912
1393431988860,18.4598745899
1393432072590,13.497179919
1393432156570,17.5353934458
1393432240570,49.7664877298
1393432324410,18.6713589507
1393432408260,8.02394920323
1393432492300,39.0489552358
1393432576230,10.3480246645
1393432660300,4.89962527379
1393432744220,3.51466580237
1393432828090,13.2988280989
1393432911730,12.4351386811
1393432995680,10.9816237849
1393433079550,36.1329751814
1393433163530,27.4321909173
1393433247320,40.1199194533
1393433331230,11.8140244963
1393433415200,11.2118114007
1393433499070,45.8009036701
1393433583150,5.20529138577
1393433667150,37.5046560797
1393433751330,12.0878858291
1393433835130,9.18955320391
1393433919060,4.18496120912
1393434002850,11.6805722372
1393434086760,3.26421598298
1393434170760,13.1935290488
1393434254650,6.38864302306
1393434338890,15.0426166419
1393434422830,13.0162591155
1393434506430,46.5959351916
1393434590150,14.8579756376
1393434673860,40.5519940604
1393434757960,25.0750132074
1393434841840,20.4512899511
1393434925610,6.8603312173
1393435009450,15.7322155839
1393435093230,45.7634056519
1393435177200,38.943419117
1393435266840,20.1480671678
1393435350820,68.6021064333
1393435434520,28.1481123775
1393435518440,26.9322558438
1393435602540,13.0093821607
1393435686260,46.5694449279
1393435769850,36.0759498035
1393435854380,37.7544732463
1393435938520,40.5408284524
1393436022700,37.0554565435
1393436106610,43.5310688112
1393436190490,80.8310677351
1393436274240,16.047459365
1393436358110,30.8468906127
1393436441800,53.4132549849
1393436525840,30.185175226
1393436609690,33.047601431
1393436693730,41.885111887
1393436777560,49.7013429767
1393436861840,34.6566773313
1393436945620,99.4957336203
1393437029700,7.26385637994
1393437113360,9.5503518569
1393437197130,27.4359183011
1393437281250,20.2050871938
1393437365410,76.9130850029
1393437449100,13.6422416984
1393437534260,78.8058772658
1393437618280,41.1618308876
1393437702270,20.4154810943
1393437786430,23.5443668723
1393437870290,16.1212827686
1393437954250,30.1535513935
1393438038020,36.7188986383
1393438121930,47.5485073255
1393438205760,30.7894564781
1393438289630,41.4353625101
1393438373560,32.9474664771
1393438457280,73.600594641
1393438541230,4.62957705325
1393438625100,1.3915508038
1393438708850,19.8915753414
1393438792930,23.1451082165
1393438876910,-2.02727081953
1393438963450,2.85310453826
1393439047310,3.30643730346
1393439130910,-2.26553722223
1393439214770,64.8673501615
1393439298760,95.8245038346
1393439382790,31.5685005569
1393439466850,7.50478061525
1393439551190,37.2412476893
1393439634930,45.9113684777
1393439718710,62.3699327279
1393439802690,-2.17131717348
1393439886680,39.9546402703
1393439970950,26.4003739182
1393440055060,53.5200571047
1393440138870,53.6782907001
1393440222890,58.9534753762
1393440306820,2.12652727185
1393440390760,9.71747127681
1393440474500,21.1869787636
1393440558520,6.89614356598
1393440642480,16.2647917997
1393440726190,25.5310994703
1393440809740,45.1493086716
1393440893740,46.3346195336
1393440977920,46.5800951054
1393441061850,53.6274071457
1393441145820,36.77136806
1393441229620,22.6895012924
1393441313490,23.5001214507
1393441397610,52.6922134986
1393441481280,36.6430351236
1393441565200,11.5390857861
1393441649290,91.1846401076
1393441733080,35.5839824585
1393441816800,81.6746429404
1393441900870,1.19405458813
1393441984960,4.42200837098
1393442069110,3.6888845762
1393442152840,43.3406200643
1393442237260,-2.04081952401
1393442321410,37.7141885785
1393442405430,26.1850946095
1393442488850,8.61528034008
1393442572840,10.6805537893
1393442656740,0.0183123005166
1393442740690,2.44674674807
1393442824320,4.08152418231
1393442908350,31.7677064984
1393442992270,5.43128243911
1393443076450,2.11703506997
1393443160140,38.6609224935
1393443244210,20.1519252419
1393443328160,27.0809223729
1393443412030,12.4192457991
1393443495820,52.7267267545
1393443579880,12.4131703329
1393443663830,6.22143627082
1393443747870,-0.480910070705
1393443832510,17.8439002602
1393443916670,31.3793760029
1393444001040,23.4512178417
1393444084860,25.7606485203
1393444168580,3.36148633249
1393444252620,-9.13298289676
1393444336710,-3.70748136739
1393444420540,-9.85532233367
1393444504530,12.8648544006
1393444588540,13.9271368436
1393444672240,13.4326388339
1393444755860,-1.05687503144
1393444839640,2.99300804331
1393444923540,-2.7847933349
1393445007640,3.93807326719
1393445091600,36.3056215099
1393445175550,37.7533153646
1393445259710,3.48345636712
1393445343740,48.0445019293
1393445427540,8.88993714546
1393445511440,-6.96072131163
1393445595390,5.42900954171
1393445679330,47.1355921381
1393445763220,33.3264481229
1393445846810,12.6516133654
1393445930920,51.4726192753
1393446014690,26.550605063
1393446098790,32.6464720221
1393446182840,22.6612677897
1393446266670,7.29729147393
1393446350620,6.67345214898
1393446434310,7.75648257121
1393446518370,-11.6015269558
1393446602190,11.3582735109
1393446686230,16.4843820341
1393446770080,32.514518685
1393446854040,-1.29069700655
1393446938020,0.689323919515
1393447022290,39.077303504
1393447106510,68.4107989427
1393447190120,11.2632163136
1393447274070,38.1794025373
1393447358020,38.542557314
1393447442010,35.993848001
1393447525720,11.8268405981
1393447609570,18.884525703
1393447693510,12.4323164747
1393447777520,18.7440452476
1393447861480,32.3881431355
1393447945350,17.5782330173
1393448029220,41.6978960593
1393448113370,47.4858952155
1393448197340,2.93859315939
1393448281120,48.1962717939
1393448364740,39.2869182453
1393448448990,29.9900535085
1393448532840,-2.39505951603
1393448616820,42.1674432258
1393448700580,41.8340448899
1393448784410,-4.13837789667
1393448867890,-1.25705545586
1393448951750,17.7011852337
1393449035720,-0.166349026064
1393449119660,31.5960241252
1393449203350,36.1135877227
1393449287420,4.43747050191
1393449371350,35.5005526855
1393449455250,4.5668613414
1393449544050,32.8930351475
1393449627840,-10.6363000017
1393449711920,-6.90682894985
1393449795620,40.9279654069
1393449879580,18.455657364
1393449963460,7.39039594828
1393450047230,-10.9675493389
1393450131180,26.0226346684
1393450215110,22.0670247506
1393450299050,27.428758296
1393450382820,38.0903255053
1393450466890,41.0092367555
1393450550740,19.4867818269
1393450634790,8.07811144538
1393450732040,69.457400098
1393450815820,42.099182191
1393450899520,22.6549826348
1393450983590,87.9064303878
1393451067480,101.519917394
1393451151530,26.1257720112
1393451235610,36.0655912709
1393451319420,22.2536245924
1393451403640,6.59109068227
1393451487860,1.31258691894
1393451571720,-10.5125091523
1393451655650,33.4255450697
1393451739750,5.46446729446
1393451823620,8.15171528344
1393451907280,51.2211032979
1393451991240,0.424960353101
1393452075140,25.0163512441
1393452159190,-3.63279573619
1393452242850,10.881615974
1393452326990,3.6362972885
1393452411990,109.32378837
1393452502780,33.367949341
1393452586490,17.2029077787
1393452674100,28.1589521753
1393452779070,58.8844852668
1393452881890,12.2451227459
1393452966010,69.4505870368
1393453074260,18.7884324484
1393453180040,10.7041545094
1393453263980,29.5866222073
1393453347900,4.46043271416
1393453436150,7.1490967075
1393453537920,10.7774663977
1393453621750,13.0918642469
1393453706030,11.6463090337
1393453796430,24.9133667755
1393453885020,21.5214277317
1393453968690,4.34064558533
1393454054940,23.230450873
1393454142880,21.6400387689
1393454227280,17.0840092988
1393454310890,-1.32602184989
1393454396170,27.0222842989
1393454496590,5.4967932031
1393454580920,5.5928707717
1393454664780,54.8735961448
1393454771070,1.88183343209
1393454856040,-0.441722186903
1393454939650,32.4296765162
1393455023950,4.89628305783
1393455137610,35.8203383035
1393455223380,-5.33132456367
1393455307590,-11.8215495897
1393455392020,12.1804745824
1393455477320,32.4419596772
1393455561860,17.7273548338
1393455645660,30.2496141729
1393455731930,3.23742294013
1393455834450,3.10893502086
1393455921970,17.1660876845
1393456112040,39.296710598
1393456233000,-3.59993230505
1393456333770,17.5258037761
1393456449520,41.0534822972
1393456536280,66.4769085484
1393456687470,20.6375364277
1393456775610,5.01585100731
1393456922410,13.6319115296
1393457009500,13.3001241683
1393457161000,107.149627505
1393457246500,3.25562205911
1393457333550,-0.963564124579
1393457418880,34.1933900227
1393457503720,-5.89149570217
1393457587560,-5.5455303085
1393457672210,1.82488089427
1393457757520,-3.20004450547
1393457841750,42.3604737843
1393457925560,43.1222174931
1393458010420,63.3721349742
1393458109630,7.34460762827
1393458193450,26.3784688609
1393458277130,27.2119634233
1393458362270,32.532753321
1393458447180,20.9459494293
1393458531170,17.0437360424
1393458615760,34.2473662555
1393458701210,12.5687416305
1393458785610,10.8135260159
1393458869350,66.385439417
1393458953910,40.5676645072
1393459039640,18.4379211826
1393459124000,4.00305832922
1393459208030,-0.738667572538
1393459292650,-1.62591618311
1393459377920,50.9174771743
1393459462100,65.833018786
1393459546040,40.2183450647
1393459630980,43.4745600664
1393459716390,67.2473662207
1393459802250,4.02296479066
1393459886750,55.8365252577
1393459971900,23.5238840594
1393460057020,38.1985544284
1393460144200,28.1706769814
1393460228600,7.47017041839
1393460313770,48.7335176732
1393460398230,45.8166832016
1393460482010,49.7900384312
1393460566840,26.5679834443
1393460651950,16.1513038949
1393460736250,9.9387717195
1393460820340,-1.27835986038
1393460905320,2.59290736464
1393460990270,15.0692537272
1393461074280,-0.594137174698
1393461158360,-0.591983294849
1393461243460,15.3519224726
1393461328130,49.2340394333
1393461412420,34.8958446134
1393461496780,18.0932289298
1393461581640,22.5387632931
1393461665580,17.7249480373
1393461749650,79.1596368185
1393461834320,17.6110193003
1393461918370,4.6990427083
1393462002290,56.799516021
1393462086310,8.62351983476
1393462170760,6.23109543013
1393462254720,41.7769918069
1393462338570,18.455535912
1393462422710,22.3887155863
1393462507400,40.4504617486
1393462591970,20.221021122
1393462675670,34.6732391779
1393462760300,5.00927980352
1393462874850,41.5000482326
1393462959580,39.6082431238
1393463043450,27.7709293181
1393463128160,81.8196785549
1393463213280,10.0636148214
1393463297590,9.55900285207
1393463381630,43.2295868186
1393463467170,69.0548170505
1393463553000,0.370104337305
1393463637490,-2.54625663865
1393463721690,18.4122721644
1393463806790,38.352597935
1393463891460,25.8850197935
1393463975560,31.3672736188
1393464060180,11.672374173
1393464144980,19.8498623973
1393464229400,57.6556892426
1393464313510,1.30015481915
1393464401050,38.8882694401
1393464485650,3.15239704225
1393464569620,38.4230035075
1393464653530,-3.3364253384
1393464737440,27.6231588405
1393464822090,25.2499433563
1393464905900,26.9025200154
1393464989830,5.00647674485
1393465073770,10.6489934566
1393465157950,-2.66541890317
1393465242520,17.8107326315
1393465326540,-8.62301434328
1393465410430,2.16178350896
1393465494230,3.58812846107
1393465578070,-9.13443490067
1393465661890,17.7876071775
1393465745840,20.50200201
1393465829720,29.245333977
1393465913550,7.85154112098
1393465997620,27.2103114192
1393466081370,53.037502243
1393466165370,18.8114229452
1393466249190,17.5932228041
1393466333370,54.5447207506
1393466416990,-5.64462330317
1393466500840,28.6300324767
1393466584800,0.918449420598
1393466669250,48.0679411375
1393466753230,4.38529999283
1393466837330,-1.21391293717
1393466921450,2.37273013623
1393467005920,-4.14586120247
1393467089880,10.4168743529
1393467173770,-9.99314514299
1393467257580,28.6896254087
1393467341450,-1.98954507979
1393467425730,46.9956300867
1393467509350,2.35751349386
1393467593240,81.6419428438
1393467677190,26.5220971785
1393467761220,23.2707004778
1393467845170,96.7846436857
1393467929160,70.5994254896
1393468013240,14.4346024837
1393468096750,-9.28225984023
1393468181020,-4.43909253149
1393468265850,18.6548973269
1393468350070,5.92324359079
1393468433920,0.178967136424
1393468517860,11.9002294745
1393468602280,0.0120043670759
1393468686530,9.37276362721
1393468770340,32.1698100918
1393468856400,62.7330952038
1393468940350,18.3730195363
1393469024300,3.71725396106
1393469108320,46.2323912772
1393469192560,62.8416834573
1393469276760,65.8706985648
1393469360740,48.6963513441
1393469444570,78.6272423205
1393469528560,27.6788708603
1393469612330,52.3831959087
1393469696270,76.8864435421
1393469779780,15.927168796
1393469863640,0.515273254986
1393469947330,127.892424711
1393470031120,70.9788812043
1393470115740,-1.691533884
1393470200350,2.72379885118
1393470284430,1.17762000983
1393470368650,21.1148531259
1393470452700,29.2910102227
1393470537090,13.732781904
1393470620800,8.68948388854
1393470704700,33.6739462982
1393470789160,37.0052708758
1393470873060,49.193253583
1393470963750,4.57122252373
1393471047800,15.6624447458
1393471131570,22.5107520918
1393471215810,11.7945582923
1393471299720,17.2917934383
1393471383520,31.6202292262
1393471467240,88.9123797242
1393471551210,15.5174584606
1393471635210,5.93349423454
1393471719180,38.1622803979
1393471802790,22.184474029
1393471886710,32.1837060519
1393471971010,84.7056217526
1393472055850,50.4938124095
1393472140200,-0.471491414122
1393472224550,33.5980927904
1393472308680,38.254464368
1393472392450,2.30460093636
1393472476420,45.2346590534
1393472560670,31.1432889287
1393472662950,1.42075447296
1393472746850,33.6707098621
1393472830640,15.0544599567
1393472914570,18.394645855
1393472998520,5.26859761154
1393473082810,20.0209603496
1393473166430,14.6140182583
1393473250330,48.1235864569
1393473334130,42.456924145
1393473417910,14.7199588058
1393473501570,58.3067868502
1393473585720,38.183742481
1393473670730,31.2013298082
1393473754850,16.3962930986
1393473838580,-7.49437059369
1393473922660,-0.576146062619
1393474006600,12.9716309867
1393474090330,-5.67930842175
1393474174150,43.4422669575
1393474259700,18.0582936053
1393474343820,8.00712349669
1393474427990,14.104342211
1393474511870,17.0422176259
1393474595740,21.2910509497
1393474679750,43.2351369116
1393474763750,19.7385525935
1393474847540,6.78992235726
1393474931450,10.9471858034
1393475015310,6.28517616086
1393475098990,50.1467382821
1393475182390,60.7910867257
1393475266480,17.2274544484
1393475350560,40.335405637
1393475434550,8.53350339944
1393475519040,1.86806875451
1393475603600,52.0921694446
1393475687480,6.1591302983
1393475771190,56.2311412555
1393475855280,11.9219955052
1393475939030,57.0173850682
1393476022870,11.1935513219
1393476106730,23.0395448053
1393476190630,147.296651829
1393476274680,52.4228533743
1393476358950,60.4392475461
1393476443000,25.9336122026
1393476527140,61.0324143362
1393476611190,34.840573941
1393476694960,51.5220176701
1393476778760,42.0465610804
1393476862860,34.2710186257
1393476946820,76.6734126098
1393477030940,22.1286103714
1393477115310,27.5778385856
1393477199240,79.5368684269
1393477283240,17.2229413019
1393477367390,21.0586000408
1393477451930,-4.49613849788
1393477536340,4.52714893489
1393477620250,5.9318172797
1393477704570,26.1035870956
1393477789370,5.05394660138
1393477873600,31.4014217405
1393477958160,23.2750627245
1393478043100,5.76860980998
1393478128210,-7.85909362657
1393478211690,10.8095934774
1393478313130,16.1458299514
1393478398230,32.8241552328
1393478482930,-5.55684085796
1393478566570,17.1786132669
1393478650960,-5.37770743389
1393478736140,19.1211121306
1393478820960,16.6774188223
1393478904700,13.7804348382
1393478989130,30.1712275216
1393479074730,-2.18234019292
1393479158820,49.3813668709
1393479243040,12.1512932385
1393479328010,37.3097770239
1393479413150,50.704332594
1393479497110,28.4566657221
1393479581220,47.9892321622
1393479667170,13.6594467235
1393479752240,66.1406108135
1393479836290,41.4059525746
1393479934520,53.6610984475
1393480019750,45.5665629731
1393480104310,21.3269271216
1393480188040,8.83618793166
1393480273980,9.8922562661
1393480359260,44.9933852137
1393480444570,68.4650264791
1393480528490,4.60704926362
1393480613710,74.2265579535
1393480715630,67.5744381999
1393480799450,18.0513603777
1393480883300,11.6953821074
1393480968370,35.0186141043
1393481067810,15.1569630561
1393481152030,14.6575777487
1393481236220,57.33951301
1393481321810,24.4123048909
1393481406550,9.25558602584
1393481490420,52.0162673657
1393481574800,48.3162888027
1393481659750,48.1182790374
1393481744280,33.3637766384
1393481827940,36.3854560047
1393481941330,23.0673859933
1393482026480,21.6702310154
1393482111460,67.8247909974
1393482195290,18.5252812904
1393482280720,14.3208702837
1393482365700,15.7335569233
1393482449470,32.4241377943
1393482536640,21.2840098219
1393482639550,50.4457097493
1393482727530,22.9038662553
1393482812040,3.19143321676
1393482899940,40.5790573909
1393482987410,13.1921923925
1393483071680,27.4275031212
1393483155630,37.3266563718
1393483241840,16.0796045425
1393483355840,7.79611093014
1393483439740,20.5115722917
1393483538090,2.51297809396
1393483636050,10.5892562643
1393483721340,30.8164847887
1393483807030,5.85526515019
1393483893240,15.6938906898
1393484002040,7.08243125707
1393484102420,10.6193816323
1393484186420,3.28638230144
1393484270360,49.8350847688
1393484356340,12.1331959808
1393484446870,14.8875753882
1393484534020,4.56315069477
1393484621660,6.98369001177
1393484705460,5.13538743284
1393484789300,14.5707930357
1393484873550,4.03688541366
1393484958240,7.36651066973
1393485042240,5.90264641689
1393485125940,5.03695849407
1393485209530,15.4556473597
1393485293670,9.27653850222
1393485383710,4.33796605719
1393485467600,7.27297363439
1393485551120,37.0703873807
1393485635080,2.24763591639
1393485719260,2.5682603638
1393485803490,1.58230250541
1393485888790,11.8798551514
1393486056460,0.804727231344
1393486138810,1.16759503984
1393486295920,1.18272968849
1393486379260,1.10442638705
1393486462320,12.2790569122
1393486545670,4.76149161807
1393486628660,1.39268717877
1393486711680,0.28031971319
1393486794730,8.03342562279
1393486877830,3.27763827146
1393487090810,0.00501597322936
1393487151180,0.458740534317
1393487211210,2.47108038079
1393487271200,0.140743358824
1393487331450,1.17179462495
1393487391560,1.12429951541
1393487451800,0.630802321359
1393487512190,4.65065980846
1393487572530,0.0588831576118
1393487632920,0.0029953052006
1393487693040,2.55891365086
1393487754220,0.327954462417
1393487814200,1.20342420677
1393487874280,0.0844982888967
1393487934590,3.43670979484
1393487994850,0.203935199079
1393488054910,-0.224074589089
1393488115270,-0.190143426442
1393488175730,5.21063375408
1393488235760,0.00740642180199
1393488295980,-1.16426755888
1393488356480,0.0643975206204
1393488416680,0.386104928888
1393488477140,0.0493022554771
1393488537860,0.856565376884
1393488599110,0.0326320683666
1393488659870,0.442720568328
1393488720050,0.0057189958754
1393488780490,0.96609811915
1393488840800,5.13611736241e-7
1393488901630,0.700156659514
1393488961270,0.000516762640477
1393489021590,1.33827016737
1393489082080,5.18322272962
1393489142440,0.378839892057
1393489203510,9.09641125556
1393489264370,12.5211364668
1393489324990,0.331155306673
1393489386030,0.435227382519
1393489446920,3.96025643561
1393489507490,3.17277739243
1393489568170,0.00655858431701
1393489629210,4.04040901236
1393489690450,4.97899650995
1393489751990,3.51588516423
1393489812730,14.6803090091
1393489873500,5.90097990987
1393489934060,9.54493604512
1393489994280,1.41731971281
1393490054670,6.40782832246
1393490114730,1.54122907
1393490175450,3.32930467988
1393490236060,2.22725138477
1393490296850,5.51008433582
1393490357600,73.9126157405
1393490418260,10.835524191
1393490479270,2.641313258
1393490539840,0.332542735315
1393490600350,0.710064941662
1393490661000,0.717107420084
1393490721300,7.43532167014
1393490780390,2.39970641828
1393490841400,0.625560490738
1393490901650,9.79639576981
1393490962360,4.37970909472
1393491023540,7.56325129266
1393491084570,17.7980102686
1393491144950,1.44230437547
1393491205270,0.0253972584158
1393491266050,9.72168009155
1393491326290,4.30613222834
1393491386690,1.09729617706
1393491447270,7.34438183457
1393491507950,10.6451726602
1393491568200,5.43328235967
1393491628900,13.0095917179
1393509202400,14.7108547263
1393509262240,6.75677310855
1393509322250,18.3415053742
1393509382650,22.069012357
1393509442380,30.3460315196
1393509503450,124.148461585
1393509562890,87.914512994
1393509623750,81.3194218664
1393509683350,43.8895731004
1393509744360,64.02390037
1393509803910,57.6802054031
1393509864640,28.9175129235
1393509924270,10.5464125985
1393509984160,18.1190555494
1393510044270,38.5570343586
1393510105170,12.0498141302
1393510165290,41.9867277049
1393510224680,36.4123754587
1393510285650,2.47961991281
1393510406320,15.5775529034
1393510467570,24.8862056154
1393510526650,41.214067696
1393510587520,18.023768672
1393510646630,34.2070365978
1393510708430,1.91381344832
1393510769870,22.3471226461
1393510830300,47.5562944289
1393510890220,34.0520378742
1393510949650,14.4418875078
1393511009560,10.2047588078
1393511069720,2.26854051927
1393511130870,17.0233059338
1393511189960,16.9399786306
1393511251270,13.6815287167
1393511310950,5.46078619628
1393511370860,45.8968740712
1393511430950,33.2039463857
1393512173210,66.5107650951
1393512232640,40.7868035939
