1393922364120,161.39541626
1393922464940,161.423309326
1393922566550,161.451766968
1393922666710,161.479644775
1393922766970,161.507522583
1393923578560,161.733444214
1393923679340,161.76133728
1393923779750,161.789230347
1393923880000,161.817108154
1393923980290,161.845001221
1393938970830,166.009460449
1393939072540,166.037918091
1393939173410,166.065795898
1393939274050,166.093688965
1393939374330,166.121566772
1393939475270,166.150024414
1393939576150,166.17791748
1393939676390,166.205795288
1393939777430,166.233673096
1393939878810,166.262130737
1393939980170,166.290023804
1393940080540,166.317901611
1393940182390,166.346343994
1393940284090,166.374237061
1393940384270,166.402114868
1393940485710,166.43057251
1393940587360,166.458450317
1393940687530,166.486343384
1393940789030,166.514785767
1393940889640,166.542678833
1393940990130,166.570556641
1393941090950,166.598449707
1393941191130,166.626327515
1393941292220,166.654220581
1393941392990,166.682662964
1393941493630,166.71055603
1393941595170,166.738433838
1393941695920,166.766891479
1393941797520,166.794769287
1393941899370,166.823242188
1393942000150,166.851104736
1393942101470,166.878997803
1393942201740,166.90687561
1393942303430,166.935348511
1393942404710,166.963790894
1393942506350,166.99168396
1393942606530,167.019561768
1393942706970,167.047454834
1393942807770,167.0753479
1393942909280,167.103790283
1393943010240,167.13168335
1393943110640,167.159561157
1393943211740,167.187454224
1393943313140,167.215896606
1393943414330,167.243789673
1393943516140,167.272232056
1393943617450,167.300125122
1393943719120,167.328567505
1393943819290,167.356460571
1393943919970,167.384338379
1393944021250,167.412796021
1393944121420,167.440109253
1393944222530,167.468566895
1393944324260,167.496459961
1393944424620,167.524337769
1393944525710,167.552780151
1393944626230,167.580673218
1393944727260,167.608566284
1393944827610,167.636444092
1393944928150,167.664321899
1393945029760,167.692779541
1393945131440,167.721237183
1393945232240,167.74911499
1393945333230,167.776992798
1393945434540,167.804885864
1393945535080,167.833343506
1393945635250,167.860656738
1393945736760,167.88911438
1393945838060,167.916992188
1393945939450,167.945465088
1393946040560,167.973327637
1393946141050,168.001220703
1393946242140,168.029693604
1393946344010,168.057571411
1393946444480,168.08543396
1393946544950,168.113327026
1393946645920,168.141799927
1393946746270,168.169677734
1393946847080,168.197540283
1393946948130,168.22543335
1393947049260,168.25390625
1393947150180,168.281784058
1393947251310,168.309677124
1393947352520,168.338134766
1393947453070,168.366012573
1393947554370,168.393890381
1393947655860,168.422348022
1393947757620,168.450241089
1393947857920,168.478118896
1393947959550,168.506576538
1393948060730,168.534454346
1393948160930,168.562347412
1393948261760,168.59022522
1393948362890,168.618667603
1393948463060,168.646560669
1393948564830,168.674453735
1393948665560,168.702896118
1393948767280,168.730789185
1393948867450,168.758666992
1393948967840,168.786560059
1393949068670,168.814437866
1393949169940,168.842895508
1393949270650,168.870773315
1393949372190,168.899230957
1393949473070,168.927108765
1393949573240,168.955001831
1393949674870,168.982894897
1393949775640,169.010772705
1393949875970,169.038650513
1393949977170,169.067108154
1393950078690,169.095001221
1393950178860,169.122879028
1393950279810,169.151321411
1393950380780,169.179214478
1393950481490,169.207107544
1393950582430,169.234985352
1393950683420,169.263427734
1393950783590,169.290756226
1393950885180,169.319198608
1393950985740,169.347091675
1393951086380,169.374969482
1393951187750,169.403427124
1393951287920,169.431304932
1393951389360,169.459197998
1393951489940,169.487075806
1393951590650,169.514968872
1393951690850,169.54284668
1393951791630,169.571304321
1393951892830,169.599182129
1393951993520,169.627075195
1393952094840,169.655532837
1393952195520,169.683410645
1393952296760,169.711303711
1393952397530,169.739181519
1393952498890,169.76763916
1393952599440,169.795516968
1393952700670,169.823394775
1393952801610,169.851852417
1393952903080,169.879745483
1393953004180,169.907623291
1393953104490,169.935516357
1393953204660,169.963394165
1393953304830,169.991287231
1393953405260,170.019165039
1393953506570,170.047622681
1393953607780,170.075500488
1393953709350,170.10395813
1393953809770,170.131835938
1393953910570,170.159729004
1393954011650,170.187606812
1393954112030,170.215499878
1393954213820,170.243942261
1393954314110,170.271835327
1393954415420,170.299713135
1393954516070,170.327606201
1393954616370,170.355484009
1393954716970,170.383377075
1393954818470,170.411834717
1393954918760,170.439712524
1393955019570,170.467590332
1393955121220,170.496047974
1393955221650,170.52394104
1393955321980,170.551818848
1393955423750,170.579711914
1393955524150,170.607589722
1393955625190,170.636047363
1393955726620,170.663925171
1393955828070,170.692367554
1393955929230,170.72026062
1393956030490,170.748733521
1393956130670,170.776611328
1393956231420,170.804504395
1393956331870,170.832366943
1393956433330,170.86026001
1393956534350,170.888717651
1393956635650,170.916610718
1393956736680,170.944503784
1393956837870,170.972946167
1393956939180,171.000823975
1393957040280,171.029281616
1393957141330,171.057174683
1393957243150,171.085617065
1393957343660,171.113494873
1393957444980,171.141387939
1393957545150,171.169281006
1393957646670,171.197723389
1393957747420,171.225601196
1393957847980,171.253494263
1393957948740,171.281387329
1393958048910,171.309265137
1393958149080,171.337158203
1393958250910,171.365036011
1393958351590,171.393493652
1393958452510,171.42137146
1393958553130,171.449264526
1393958654430,171.477157593
1393958755310,171.505599976
1393958856650,171.533477783
1393958956820,171.56137085
1393959057940,171.589263916
1393959159090,171.617706299
1393959260820,171.645584106
1393959362080,171.674041748
1393959463640,171.701934814
1393959564660,171.730377197
1393959664830,171.758255005
1393959765860,171.786148071
1393959867070,171.814041138
1393959968540,171.842483521
1393960070160,171.870376587
1393960171240,171.898834229
1393960273010,171.92729187
1393960373510,171.955169678
1393960473690,171.98248291
1393960574520,172.010940552
1393960676180,172.038833618
1393960777250,172.067276001
1393960877420,172.095169067
1393960977810,172.123046875
1393961078020,172.150360107
1393961178470,172.178237915
1393961279620,172.206695557
1393961380890,172.234573364
1393961482270,172.263046265
1393961583070,172.290908813
1393961683780,172.31880188
1393961784110,172.346679688
1393961885170,172.374572754
1393961986420,172.403015137
1393962088270,172.431488037
1393962188730,172.459365845
1393962290330,172.487258911
1393962391180,172.51512146
1393962491770,172.54359436
1393962592970,172.571487427
1393962694050,172.599365234
1393962795320,172.627807617
1393962896990,172.655700684
1393962998470,172.684158325
1393963098980,172.712036133
1393963200150,172.73991394
1393963301190,172.768371582
1393963402590,172.796264648
1393963504180,172.824707031
1393963604710,172.852600098
1393963705580,172.880493164
1393963806160,172.908370972
1393963907240,172.936248779
1393964008120,172.964706421
1393964108380,172.992599487
1393964208980,173.020477295
1393964309560,173.048370361
1393964410350,173.076248169
1393964511080,173.104141235
1393964612100,173.132583618
1393964712440,173.160476685
1393964813310,173.188354492
1393964914320,173.216247559
1393965016120,173.244689941
1393965117550,173.272583008
1393965218440,173.300460815
1393965319780,173.328918457
1393965421160,173.356796265
1393965521330,173.384689331
1393965622280,173.413162231
1393965723080,173.44102478
1393965824370,173.468902588
1393965924540,173.496795654
1393966025640,173.525268555
1393966126870,173.553131104
1393966227910,173.58102417
1393966328970,173.609481812
1393966430330,173.637374878
1393966532100,173.665817261
1393966633570,173.693710327
1393966733830,173.721588135
1393966834990,173.750045776
1393966935830,173.777923584
1393967037210,173.80581665
1393967137380,173.833694458
1393967238360,173.861587524
1393967339460,173.890029907
1393967439630,173.917922974
1393967540030,173.945800781
1393967640260,173.973693848
1393967740690,174.001571655
1393967841550,174.029464722
1393967943130,174.057357788
1393968044550,174.085800171
1393968145050,174.113677979
1393968246220,174.141571045
1393968347320,174.170028687
1393968447980,174.197906494
1393968549530,174.225784302
1393968649820,174.253677368
1393968751090,174.28213501
1393968852040,174.310012817
1393968952240,174.337905884
1393969053230,174.365783691
1393969154720,174.394241333
1393969255930,174.422134399
1393969357260,174.450576782
1393969458760,174.478469849
1393969558930,174.506347656
1393969660110,174.534805298
1393969761040,174.562683105
1393969861270,174.590576172
1393969963070,174.618453979
1393970064370,174.646911621
1393970165340,174.674804688
1393970266520,174.70324707
1393970367560,174.731124878
1393970467750,174.759017944
1393970569540,174.786911011
1393970669710,174.814788818
1393970771250,174.84324646
1393970872750,174.871139526
1393970972920,174.899017334
1393971073940,174.927490234
1393971175470,174.955352783
1393971275640,174.98324585
1393971377170,175.011703491
1393971477350,175.039596558
1393971577730,175.067459106
1393971679410,175.095367432
1393971780470,175.123809814
1393971881450,175.151702881
1393971981780,175.179595947
1393972083430,175.207473755
1393972184670,175.235916138
1393972286070,175.263809204
1393972386590,175.291687012
1393972487660,175.320144653
1393972588440,175.348022461
1393972689010,175.375915527
1393972790280,175.403793335
1393972890880,175.432250977
1393972991760,175.460128784
1393973092950,175.488021851
1393973194460,175.516479492
1393973295740,175.5443573
1393973397260,175.572799683
1393973498880,175.600692749
1393973600740,175.629150391
1393973701410,175.657028198
1393973802390,175.68548584
1393973902560,175.712799072
1393974003190,175.741256714
1393974103520,175.769134521
1393974205170,175.797027588
1393974305890,175.824920654
1393974406290,175.852798462
1393974507830,175.881240845
1393974608640,175.909133911
1393974709730,175.937026978
1393974809900,175.964904785
1393974911310,175.993347168
1393975012410,176.021240234
1393975113320,176.049133301
1393975213500,176.077011108
1393975313910,176.104888916
1393975415680,176.133346558
1393975516620,176.161239624
1393975618110,176.189682007
1393975719210,176.217575073
1393975819380,176.245452881
1393975920260,176.273345947
1393976021390,176.30178833
1393976121870,176.329681396
1393976222760,176.357589722
1393976324330,176.386032104
1393976425270,176.413894653
1393976526180,176.441802979
1393976627570,176.47026062
1393976727740,176.497558594
1393976828020,176.52545166
1393976929480,176.553924561
1393977030690,176.581802368
1393977131720,176.610244751
1393977233110,176.638137817
1393977333680,176.666030884
1393977434790,176.694473267
1393977535360,176.722366333
1393977635530,176.750244141
1393977735710,176.777557373
1393977836690,176.806015015
1393977937420,176.833908081
1393978038450,176.861801147
1393978139590,176.89024353
1393978241270,176.918121338
1393978341930,176.946014404
1393978443410,176.974472046
1393978543870,177.002349854
1393978645530,177.030807495
1393978745700,177.058135986
1393978846350,177.086578369
1393978946530,177.113891602
1393979048010,177.142349243
1393979148760,177.17024231
1393979249150,177.198120117
1393979350820,177.2265625
1393979451530,177.254455566
1393979551690,177.282348633
1393979652140,177.31022644
1393979752320,177.338119507
1393979853720,177.365997314
1393979953880,177.393890381
1393980054780,177.42175293
1393980155660,177.45022583
1393980256430,177.478118896
1393980356840,177.505996704
1393980458010,177.533859253
1393980558180,177.561767578
1393980659620,177.59022522
1393980759790,177.618103027
1393980861360,177.645996094
1393980961550,177.673873901
1393981062830,177.701766968
1393981163860,177.730209351
1393981264650,177.758102417
1393981366170,177.7865448
1393981467320,177.814437866
1393981567490,177.842315674
1393981667660,177.87020874
1393981767980,177.898101807
1393981869160,177.925979614
1393981969330,177.953842163
1393982070480,177.981735229
1393982171420,178.01020813
1393982272570,178.038085938
1393982372750,178.065948486
1393982474100,178.093841553
1393982574740,178.121734619
1393982675820,178.150192261
1393982777470,178.17805481
1393982877980,178.205963135
1393982979420,178.234420776
1393983080390,178.262298584
1393983181380,178.290740967
1393983282980,178.318634033
1393983383720,178.3465271
1393983484450,178.374969482
1393983586110,178.402862549
1393983686280,178.430740356
1393983786750,178.458633423
1393983886920,178.48651123
1393983987150,178.514389038
1393984088330,178.542282104
1393984189750,178.570739746
1393984291370,178.598617554
1393984392100,178.627075195
1393984493490,178.654953003
1393984593660,178.682846069
1393984694980,178.710723877
1393984796290,178.73916626
1393984897180,178.767059326
1393984998020,178.794952393
1393985098270,178.8228302
1393985198560,178.850723267
1393985300260,178.879180908
1393985400420,178.907058716
1393985501040,178.934936523
1393985601320,178.96282959
1393985703010,178.990722656
1393985803510,179.019165039
1393985903680,179.04649353
1393986004520,179.074935913
1393986106070,179.102828979
1393986206240,179.130706787
1393986308050,179.159164429
1393986408220,179.187057495
1393986509810,179.214935303
1393986610380,179.24281311
1393986711950,179.271270752
1393986813290,179.299163818
1393986914240,179.327606201
1393987015430,179.355484009
1393987116860,179.38394165
1393987218270,179.411834717
1393987319120,179.439712524
1393987419300,179.467590332
1393987519990,179.495483398
1393987620560,179.523376465
1393987721630,179.551818848
1393987822940,179.579696655
1393987924310,179.608154297
1393988025000,179.636047363
1393988125530,179.663925171
1393988227030,179.692398071
1393988327210,179.719696045
1393988428870,179.748153687
1393988529040,179.776031494
1393988629780,179.803924561
1393988730760,179.831817627
1393988831730,179.86026001
1393988933070,179.888137817
1393989034360,179.916610718
1393989135890,179.944503784
1393989236960,179.972366333
1393989338380,180.000839233
1393989439210,180.028717041
1393989540720,180.057174683
1393989642150,180.08505249
1393989742890,180.112945557
1393989844330,180.141403198
1393989944880,180.169281006
1393990046260,180.197723389
1393990147920,180.225616455
1393990249280,180.254074097
1393990349940,180.281951904
1393990450740,180.309829712
1393990550930,180.337722778
1393990651110,180.365615845
1393990752820,180.393493652
1393990853950,180.421936035
1393990954730,180.449829102
1393991056250,180.478286743
1393991157010,180.506164551
1393991257180,180.534057617
1393991359010,180.561950684
1393991459950,180.590393066
1393991561510,180.618270874
1393991663070,180.646743774
1393991763870,180.674636841
1393991864040,180.70249939
1393991965570,180.730377197
1393992066750,180.758850098
1393992167310,180.786743164
1393992267480,180.814605713
1393992368830,180.842483521
1393992469420,180.870376587
1393992570860,180.898849487
1393992671030,180.926727295
1393992772180,180.954589844
1393992872740,180.98248291
1393992973390,181.010375977
1393993073560,181.038253784
1393993174860,181.066696167
1393993275030,181.094589233
1393993376540,181.1224823
1393993476710,181.150360107
1393993576880,181.178253174
1393993678060,181.206130981
1393993779840,181.234588623
1393993880550,181.262466431
1393993981580,181.290359497
1393994083330,181.318832397
1393994184480,181.346694946
1393994286240,181.375167847
1393994387480,181.403625488
1393994488940,181.431503296
1393994589320,181.459381104
1393994690390,181.48727417
1393994790560,181.515167236
1393994892130,181.543609619
1393994993520,181.571487427
1393995094750,181.599945068
1393995195170,181.627838135
1393995296290,181.655715942
1393995396640,181.68359375
1393995497970,181.712051392
1393995599270,181.739944458
1393995700810,181.768386841
1393995802680,181.796279907
1393995903540,181.82472229
1393996004140,181.852615356
1393996105660,181.880493164
1393996206760,181.908966064
1393996308350,181.936828613
1393996408840,181.96472168
1393996509180,181.992599487
1393996610480,182.021072388
1393996711520,182.048934937
1393996812420,182.076828003
1393996912710,182.104705811
1393997013710,182.132598877
1393997114540,182.16104126
1393997215850,182.188949585
1393997316190,182.216812134
1393997417050,182.2447052
1393997517990,182.273162842
1393997619360,182.301055908
1393997720690,182.329498291
1393997821270,182.357391357
1393997922420,182.385284424
1393998022810,182.413162231
1393998123740,182.44102478
1393998224430,182.468917847
1393998324740,182.496810913
1393998425890,182.525268555
1393998527190,182.553161621
1393998628190,182.581619263
1393998729380,182.60949707
1393998830330,182.637374878
1393998930810,182.665267944
1393999031980,182.693725586
1393999133260,182.721603394
1393999234850,182.750045776
1393999336630,182.777938843
1393999437220,182.805831909
1393999538730,182.834274292
1393999639870,182.8621521
1393999740750,182.890609741
1393999841770,182.918502808
1393999943610,182.94694519
1394000044460,182.974838257
1394000145580,183.002716064
1394000246180,183.030609131
1394000347730,183.059051514
1394000449160,183.08694458
1394000549330,183.114837646
1394000650470,183.143295288
1394000750650,183.171157837
1394000851870,183.199050903
1394000953560,183.227523804
1394001054020,183.255401611
1394001154190,183.28326416
1394001256040,183.311157227
1394001356210,183.339050293
1394001456380,183.366928101
1394001556590,183.394821167
1394001657390,183.422698975
1394001758340,183.450592041
1394001859850,183.479034424
1394001960650,183.50692749
1394002060820,183.534820557
1394002162470,183.563278198
1394002262730,183.591140747
1394002362910,183.619033813
1394002464670,183.64692688
1394002564840,183.674804688
1394002666330,183.703277588
1394002767500,183.731170654
1394002867670,183.759033203
1394002969270,183.787490845
1394003070340,183.815383911
1394003170790,183.843276978
1394003271610,183.871139526
1394003371780,183.899017334
1394003472670,183.9269104
1394003574130,183.955383301
1394003674300,183.98324585
1394003775790,184.011154175
1394003877210,184.039611816
1394003977380,184.067489624
1394004079040,184.09538269
1394004179210,184.123260498
1394004280820,184.15171814
1394004382300,184.179595947
1394004483930,184.208053589
1394004585170,184.235946655
1394004686160,184.264389038
1394004787580,184.292266846
1394004887920,184.320159912
1394004989710,184.348617554
1394005090610,184.376495361
1394005190780,184.404388428
1394005292260,184.432266235
1394005392970,184.460723877
1394005494580,184.488601685
1394005594750,184.516479492
1394005694960,184.544372559
1394005795130,184.572265625
