1393950502000,0
1393950504000,12
1393950506000,1
1393950508000,0
1393950510000,0
1393950512000,12
1393950514000,0
1393950516000,0
1393950518000,1
1393950520000,0
1393950522000,12
1393950524000,0
1393950526000,0
1393950528000,0
1393950530000,0
1393950532000,10
1393950534000,0
1393950536000,0
1393950538000,0
1393950540000,0
1393950542000,11
1393950544000,0
1393950546000,0
1393950548000,0
1393950550000,0
1393950552000,13
1393950554000,0
1393950556000,0
1393950558000,0
1393950560000,0
1393950562000,9
1393950564000,0
1393950566000,2
1393950568000,0
1393950570000,0
1393950572000,9
1393950574000,0
1393950576000,0
1393950578000,0
1393950580000,0
1393950582000,9
1393950584000,0
1393950586000,0
1393950588000,0
1393950590000,0
1393950592000,17
1393950594000,0
1393950596000,0
1393950598000,0
1393950600000,0
1393950602000,28
1393950604000,0
1393950606000,0
1393950608000,0
1393950610000,0
1393950612000,12
1393950614000,1
1393950616000,0
1393950618000,0
1393950620000,0
1393950622000,10
1393950624000,0
1393950626000,0
1393950628000,0
1393950630000,0
1393950632000,9
1393950634000,0
1393950636000,0
1393950638000,0
1393950640000,0
1393950642000,10
1393950644000,0
1393950646000,0
1393950648000,0
1393950650000,0
1393950652000,9
1393950654000,0
1393950656000,0
1393950658000,0
1393950660000,0
1393950662000,18
1393950664000,0
1393950666000,0
1393950668000,0
1393950670000,0
1393950672000,9
1393950674000,0
1393950676000,0
1393950678000,0
1393950680000,1
1393950682000,9
1393950684000,0
1393950686000,0
1393950688000,0
1393950690000,0
1393950692000,9
1393950694000,0
1393950696000,0
1393950698000,0
1393950700000,0
1393950702000,10
1393950704000,0
1393950706000,0
1393950708000,0
1393950710000,0
1393950712000,10
1393950714000,0
1393950716000,0
1393950718000,0
1393950720000,0
1393951342000,0
1393951344000,11
1393951346000,11
1393951348000,6
1393951350000,1
1393951352000,12
1393951354000,7
1393951356000,2
1393951358000,6
1393951360000,36
1393951362000,10
1393951364000,3
1393951366000,2
1393951368000,7
1393951370000,5
1393951372000,13
1393951374000,7
1393951376000,7
1393951378000,3
1393951380000,9
1393951382000,18
1393951384000,2
1393951386000,8
1393951388000,11
1393951390000,16
1393951392000,32
1393951394000,9
1393951396000,19
1393951398000,11
1393951400000,7
