1393360103739,-779.973794745
1393361311562,-779.991041151
1393362518775,-780.0
1393363727154,-779.982099285
1393364933504,-780.0
1393366140876,-779.982082302
1393367348875,-779.991049643
1393368575396,-779.991058118
1393369781993,-779.991041151
1393370989122,-779.991041151
1393372195615,-779.892391716
1393373403642,-779.768404879
1393374610382,-779.750730743
1393375817637,-779.660576656
1393377024018,-779.668273926
1393378235905,-779.694228748
1393379443082,-779.531719766
1393380650747,-779.734492023
1393381857750,-779.748196615
1393383064270,-779.633269448
1393384270923,-779.70156773
1393385478485,-779.773656595
1393386685624,-779.667014207
1393387892573,-779.639906187
1393389098678,-779.665357568
1393390305898,-779.634662087
1393391512963,-779.690031907
1393392722088,-779.699076568
1393393929165,-779.737694751
1393395136181,-779.70152616
1393396342934,-779.648168306
1393397550310,-779.732315513
1393398757474,-779.847699565
1393399964249,-779.764643573
1393401171087,-779.758111074
1393402378058,-779.709454241
1393403584601,-779.758111074
1393404791770,-779.723610634
1393405998504,-779.677471472
1393407205101,-779.840075672
1393408412242,-779.776028772
1393409619113,-779.823249368
1393410825861,-779.713316829
1393412032736,-779.758111074
1393413239736,-779.717321696
1393414446587,-779.701921669
1393415653418,-779.90145266
1393416860175,-779.966590954
1393418066209,-779.982065286
1393419273175,-779.973097929
1393420479921,-780.0
1393528999295,-780.0
1393529019740,-780.0
1393529068069,-780.0
1393529087595,-780.0
1393529108233,-780.0
1393604262301,-780.0
1393604594280,-780.0
1393604653645,-780.0
1393605805550,-780.0
1393607571850,-780.0
1393621706494,-780.0
1393622257237,-780.0
1393623479133,-780.0
1393624679257,-780.0
1393858232142,-780.0
1393865410080,-780.0
1393866341533,-780.0
1393875762371,-780.0
1393877402908,-780.0
1393877565622,-780.0
1393877685740,-780.0
1393877805777,-780.0
1393877925873,-780.0
1393878045891,-780.0
1393878165960,-780.0
1393878285954,-780.0
1393945752315,-780.0
1393945872297,-780.0
1393950235343,-780.0
1393955487896,-780.0
1393956035126,-780.0
1393956055586,-780.0
1393956871468,-780.0
1393957916774,-780.0
1393958548461,-780.0
1393958608930,-780.0
1393959851393,-780.0
1393959871855,-780.0
1393959891244,-780.0
1393959911692,-780.0
1393959931070,-780.0
1393959951514,-780.0
1393959971975,-780.0
1393959991347,-780.0
1393960011812,-780.0
1393960031192,-780.0
1393960051625,-780.0
1393960072076,-780.0
1393960091466,-780.0
1393960111933,-780.0
1393960131308,-780.0
1393960151747,-780.0
1393960171122,-780.0
1393960191599,-780.0
1393960212044,-780.0
1393960231412,-780.0
1393960251877,-780.0
1393960271263,-780.0
1393960291715,-780.0
1393960312160,-780.0
1393960331537,-780.0
1393960351987,-780.0
1393960371365,-780.0
1395079512172,1.29494028091
1395079989684,1.29600394856
1395080049348,1.29330339323
1395080109193,1.29410163128
1395080170272,1.29440962189
1395080229377,1.29378194289
1395080289683,1.29462010824
1395082307321,1.28797827417
1395082367005,1.29114572568
1395082426842,1.29342678821
1395082487903,1.29304718216
1395082546935,1.29483375159
1395082607267,1.29528070977
1395082667775,1.2952735873
