1393360103739,0.0
1393361311562,0.0
1393362518775,0.0
1393363727154,0.0
1393364933504,0.0
1393366140876,0.0
1393367348875,0.0
1393368575396,0.0
1393369781993,0.0
1393370989122,0.0
1393372195615,0.0
1393373403642,0.0
1393374610382,0.0
1393375817637,0.0
1393377024018,0.0
1393378235905,0.0
1393379443082,0.0
1393380650747,0.0
1393381857750,0.0
1393383064270,0.0
1393384270923,0.0
1393385478485,0.0
1393386685624,0.0
1393387892573,0.0
1393389098678,0.0
1393390305898,0.0
1393391512963,0.0
1393392722088,0.0
1393393929165,0.0
1393395136181,0.0
1393396342934,0.0
1393397550310,0.0
1393398757474,0.0
1393399964249,0.0
1393401171087,0.0
1393402378058,0.0
1393403584601,0.0
1393404791770,0.0
1393405998504,0.0
1393407205101,0.0
1393408412242,0.0
1393409619113,0.0
1393410825861,0.0
1393412032736,0.0
1393413239736,0.0
1393414446587,0.0
1393415653418,0.0
1393416860175,0.0
1393418066209,0.0
1393419273175,0.0
1393420479921,0.0
1393528999295,0.0
1393529019740,0.0
1393529068069,0.0
1393529087595,0.0
1393529108233,0.0
1393604594280,0.0
1393604653645,0.0
1393605805550,0.0
1393607571850,0.0
1393621706494,0.0
1393622257237,0.0
1393623479133,0.0
1393624679257,0.0
1393858232142,0.0
1393865410080,0.0
1393866341533,0.0
1393875762371,0.0
1393877402908,0.0
1393877565622,0.0
1393877685740,0.0
1393877805777,0.0
1393877925873,0.0
1393878045891,0.0
1393878165960,0.0
1393878285954,0.0
1393945752315,0.0
1393945872297,0.0
1393950235343,0.0
1393955487896,0.0
1393956035126,0.0
1393956871468,0.0
1393957916774,0.0
1393958548461,0.0
1393958608930,0.0
1393959851393,0.0
1393959871855,0.0
1393959891244,0.0
1393959911692,0.0
1393959931070,0.0
1393959951514,0.0
1393959971975,0.0
1393959991347,0.0
1393960011812,0.0
1393960031192,0.0
1393960051625,0.0
1393960072076,0.0
1393960091466,0.0
1393960111933,0.0
1393960131308,0.0
1393960151747,0.0
1393960171122,0.0
1393960191599,0.0
1393960212044,0.0
1393960231412,0.0
1393960251877,0.0
1393960271263,0.0
1393960291715,0.0
1393960312160,0.0
1393960331537,0.0
1393960351987,0.0
1393960371365,0.0
