1392826837720,780.0
1392826874850,780.0
1392827011040,780.0
1392827050910,780.0
1392827092190,780.0
1392827131250,780.0
1392827172340,780.0
1392827212680,780.0
1392827252150,780.0
1392827291840,780.0
1392827442480,779.055622101
1392827471300,780.0
1392827625620,780.0
1392827664070,779.111173742
1392975593230,779.45542628
1392976815360,779.942873171
1392978037410,779.636031522
1392979259130,779.224987444
1392980481540,779.78686558
1392981702850,778.986255321
1392982923840,779.644078088
1392994525140,779.532562796
1392995744730,779.419438771
1392996963270,779.476347831
1392998185640,779.369367939
1392999403730,779.450242408
1393400967970,779.89433534
1393402195580,779.843943666
1393403420460,779.478912585
1393404645600,779.690938262
1393405870820,779.44207178
1393407095620,779.365758414
1393409446050,780.0
1393409533670,780.0
1393409625980,780.0
1393409829210,780.0
1393409914430,780.0
1393409997880,780.0
1393414466550,780.0
1393414551480,779.333333333
1393414635660,778.205065409
1393414719740,779.370414734
1393414804220,780.0
1393414888050,775.20128123
1393414972230,778.976971944
1393415056210,780.0
1393415141540,780.0
1393415226060,780.0
1393415310250,779.455932617
1393415394330,780.0
1393415478420,779.370414734
1393415562610,775.20128123
1393415646750,778.740829468
1393415730930,779.370414734
1393415817710,778.834650675
1393415901740,779.455932617
1393415985620,780.0
1393416070080,780.0
1393416155670,780.0
1393416239930,780.0
1393416323990,780.0
1393416420890,779.370414734
1393416504850,780.0
1393416589120,780.0
1393416673330,779.455932617
1393416757610,779.370414734
1393416841250,779.370414734
1393416925450,780.0
1393417009450,780.0
1393417093370,779.370414734
1393417177060,780.0
1393417261170,780.0
1393417345230,779.370414734
1393417429590,779.370414734
1393417513710,779.60655721
1393417597830,780.0
1393417681590,779.370414734
1393417765320,780.0
1393417849080,780.0
1393417933500,780.0
1393418018690,779.370414734
1393418105500,779.370414734
1393418189030,779.60655721
1393418273240,779.370414734
1393418357090,780.0
1393418441210,780.0
1393418524920,774.657213847
1393418608970,780.0
1393418692890,779.370414734
1393418776720,780.0
1393418860430,780.0
1393418944520,779.60655721
1393419028930,780.0
1393419113510,778.740829468
1393419197870,779.370414734
1393419281840,780.0
1393419366240,780.0
1393419450440,773.905029297
1393419534490,780.0
1393419618950,779.370414734
1393419703310,779.370414734
1393419787930,780.0
1393419871720,779.370414734
1393419956070,780.0
1393420039970,779.370414734
1393420123900,780.0
1393420207780,780.0
1393420291650,780.0
1393420375480,779.60655721
1393420462540,779.370414734
1393420546310,778.740829468
1393420630380,780.0
1393420714270,779.370414734
1393420798270,779.370414734
1393420882040,778.834650675
1393420965850,779.213114421
1393421049810,779.60655721
1393421133340,775.20128123
1393421217130,780.0
1393421300820,775.20128123
1393421384690,778.740829468
1393421468940,779.370414734
1393421553360,780.0
1393421637340,780.0
1393421724720,780.0
1393421808710,780.0
1393421892750,780.0
1393421976780,780.0
1393422061150,779.370414734
1393422145080,779.370414734
1393422229130,779.370414734
1393422313390,780.0
1393422397270,780.0
1393422481660,778.740829468
1393422565700,780.0
1393422649480,780.0
1393422733410,780.0
1393422816990,780.0
1393422902030,778.976971944
1393422985980,780.0
1393423070040,780.0
1393423154280,775.20128123
1393423238570,779.370414734
1393423322470,779.370414734
1393423406440,780.0
1393423490870,780.0
1393423577060,780.0
1393423661220,780.0
1393423746940,780.0
1393423835250,779.370414734
1393423919420,780.0
1393424003710,778.740829468
1393424087610,779.370414734
1393424171560,780.0
1393424255510,780.0
1393424339400,779.370414734
1393424423050,779.370414734
1393424507070,779.370414734
1393424591120,780.0
1393424675030,779.60655721
1393424759110,780.0
1393424842940,780.0
1393424927020,780.0
1393425011140,779.370414734
1393425095160,780.0
1393425179340,780.0
1393425263040,780.0
1393425347650,780.0
1393425431840,774.571695964
1393425515770,780.0
1393425599760,779.370414734
1393425683930,779.370414734
1393425768040,780.0
1393425852500,780.0
1393425936480,778.740829468
1393426020240,780.0
1393426104540,778.740829468
1393426188710,780.0
1393426272750,778.111244202
1393426357240,780.0
1393426441680,780.0
1393426525540,780.0
1393426609980,778.740829468
1393426694960,780.0
1393426778900,779.370414734
1393426863310,780.0
1393426946990,780.0
1393427030870,779.370414734
1393427114950,780.0
1393427198730,779.370414734
1393427282990,780.0
1393427368100,780.0
1393427452430,779.60655721
1393427542610,780.0
1393427626440,779.370414734
1393427710450,780.0
1393427795640,780.0
1393427880200,780.0
1393427964300,775.20128123
1393428048230,779.370414734
1393428132120,771.117665609
1393428216030,775.20128123
1393428299870,779.370414734
1393428384430,780.0
1393428468410,780.0
1393428552630,780.0
1393428636250,780.0
1393428721950,780.0
1393428805950,775.20128123
1393428889970,780.0
1393428973820,780.0
1393429058440,780.0
1393429142790,780.0
1393429226680,780.0
1393429310710,779.60655721
1393429394870,774.571695964
1393429478940,780.0
1393429563010,779.370414734
1393429652850,779.371037801
1393429736770,779.370414734
1393429820750,779.370414734
1393429904730,778.740829468
1393430002910,780.0
1393430087120,780.0
1393430174600,780.0
1393430287340,780.0
1393430375330,779.60655721
1393430466250,779.370414734
1393430549990,778.976971944
1393430634200,779.370414734
1393430718340,779.370414734
1393430802680,779.370414734
1393430886630,780.0
1393430970760,780.0
1393431055090,779.607180278
1393431138850,779.370414734
1393431223500,780.0
1393431315720,780.0
1393431400870,780.0
1393431484960,780.0
1393431568760,779.60655721
1393431652920,779.370414734
1393431736750,779.370414734
1393431821020,778.976971944
1393431904850,779.370414734
1393431988860,780.0
1393432072590,780.0
1393432156570,780.0
1393432240570,780.0
1393432324410,779.455932617
1393432408260,780.0
1393432492300,778.777910868
1393432576230,779.370414734
1393432660300,780.037081401
1393432744220,779.370414734
1393432828090,780.0
1393432911730,780.0
1393432995680,780.0
1393433079550,775.20128123
1393433163530,778.835273743
1393433247320,779.370414734
1393433331230,778.740829468
1393433415200,778.740829468
1393433499070,775.20128123
1393433583150,780.0
1393433667150,780.0
1393433751330,779.370414734
1393433835130,779.370414734
1393433919060,779.370414734
1393434002850,779.60655721
1393434086760,780.0
1393434170760,780.0
1393434254650,780.0
1393434338890,778.740829468
1393434422830,780.0
1393434506430,778.347386678
1393434590150,780.0
1393434673860,780.0
1393434757960,780.0
1393434841840,780.0
1393434925610,779.370414734
1393435009450,780.0
1393435093230,778.826347351
1393435177200,779.370414734
1393435266840,779.370414734
1393435350820,780.0
1393435434520,779.370414734
1393435518440,780.0
1393435602540,780.0
1393435686260,780.0
1393435769850,775.20128123
1393435854380,778.740829468
1393435938520,779.455932617
1393436022700,775.286799113
1393436106610,780.0
1393436190490,777.81162262
1393436274240,778.976971944
1393436358110,780.0
1393436441800,778.976971944
1393436525840,778.976971944
1393436609690,779.370414734
1393436693730,780.0
1393436777560,779.271741231
1393436861840,779.370414734
1393436945620,778.976971944
1393437029700,777.953943888
1393437113360,775.20128123
1393437197130,780.0
1393437281250,780.0
1393437365410,774.143638611
1393437449100,779.370414734
1393437534260,774.571695964
1393437618280,780.0
1393437702270,780.0
1393437786430,780.0
1393437870290,779.60655721
1393437954250,779.60655721
1393438038020,773.292694092
1393438121930,779.370414734
1393438205760,775.20128123
1393438289630,774.178253174
1393438373560,775.20128123
1393438457280,779.369791667
1393438541230,780.0
1393438625100,775.20128123
1393438708850,774.80783844
1393438792930,779.713114421
1393438876910,780.0
1393438963450,780.0
1393439047310,780.0
1393439130910,780.0
1393439214770,780.0
1393439298760,779.370414734
1393439382790,780.0
1393439466850,770.402562459
1393439551190,770.402453105
1393439634930,780.0
1393439718710,779.60655721
1393439802690,779.370414734
1393439886680,780.0
1393439970950,779.370414734
1393440055060,779.213114421
1393440138870,780.0
1393440222890,779.370414734
1393440306820,775.30783844
1393440390760,775.20128123
1393440474500,778.939890544
1393440558520,778.976971944
1393440642480,780.0
1393440726190,779.60655721
1393440809740,774.41439565
1393440893740,780.0
1393440977920,780.0
1393441061850,780.0
1393441145820,780.0
1393441229620,775.20128123
1393441313490,780.0
1393441397610,779.60655721
1393441481280,780.0
1393441565200,779.370414734
1393441649290,779.213114421
1393441733080,780.0
1393441816800,779.370414734
1393441900870,780.0
1393441984960,780.0
1393442069110,780.0
1393442152840,780.0
1393442237260,779.370414734
1393442321410,780.0
1393442405430,780.0
1393442488850,779.370414734
1393442572840,779.370414734
1393442656740,780.0
1393442740690,779.370414734
1393442824320,779.60655721
1393442908350,779.370414734
1393442992270,779.035601298
1393443076450,779.333333333
1393443160140,780.0
1393443244210,779.370414734
1393443328160,778.583529154
1393443412030,780.0
1393443495820,780.0
1393443579880,779.370414734
1393443663830,779.177350362
1393443747870,779.60655721
1393443832510,780.0
1393443916670,779.60655721
1393444001040,779.60655721
1393444084860,779.60655721
1393444168580,780.0
1393444252620,779.062489827
1393444336710,779.370414734
1393444420540,780.0
1393444504530,780.0
1393444588540,780.0
1393444672240,780.0
1393444755860,780.0
1393444839640,779.370414734
1393444923540,778.819671631
1393445007640,780.0
1393445091600,779.60655721
1393445175550,779.60655721
1393445259710,774.80783844
1393445343740,778.583529154
1393445427540,779.213114421
1393445511440,779.60655721
1393445595390,780.0
1393445679330,780.0
1393445763220,780.0
1393445846810,779.60655721
1393445930920,774.571695964
1393446014690,780.0
1393446098790,779.60655721
1393446182840,778.819671631
1393446266670,778.976971944
1393446350620,779.60655721
1393446434310,780.0
1393446518370,774.80783844
1393446602190,780.10655721
1393446686230,774.177630107
1393446770080,779.476971944
1393446854040,780.0
1393446938020,775.20128123
1393447022290,778.976971944
1393447106510,774.80783844
1393447190120,780.0
1393447274070,779.60655721
1393447358020,779.370414734
1393447442010,779.213114421
1393447525720,775.20128123
1393447609570,779.271741231
1393447693510,779.60655721
1393447777520,780.0
1393447861480,774.80783844
1393447945350,778.347386678
1393448029220,779.60655721
1393448113370,779.370414734
1393448197340,780.0
1393448281120,780.0
1393448364740,779.213114421
1393448448990,779.370414734
1393448532840,779.5
1393448616820,774.571695964
1393448700580,774.80783844
1393448784410,779.60655721
1393448867890,780.0
1393448951750,778.190086365
1393449035720,779.60655721
1393449119660,780.0
1393449203350,780.0
1393449287420,779.60655721
1393449371350,780.0
1393449455250,780.0
1393449544050,779.213114421
1393449627840,779.213114421
1393449711920,779.60655721
1393449795620,780.0
1393449879580,780.0
1393449963460,780.0
1393450047230,779.60655721
1393450131180,780.0
1393450215110,780.0
1393450299050,780.0
1393450382820,774.80783844
1393450466890,779.213114421
1393450550740,778.976348877
1393450634790,779.60655721
1393450732040,779.370414734
1393450815820,779.60655721
1393450899520,780.0
1393450983590,775.20128123
1393451067480,774.80783844
1393451151530,780.0
1393451235610,780.0
1393451319420,780.0
1393451403640,780.0
1393451487860,779.60655721
1393451571720,779.333333333
1393451655650,780.0
1393451739750,779.370414734
1393451823620,780.0
1393451907280,780.0
1393451991240,775.20128123
1393452075140,778.976971944
1393452159190,779.60655721
1393452242850,780.0
1393452326990,774.773223877
1393452411990,778.740829468
1393452502780,780.0
1393452586490,780.0
1393452674100,780.0
1393452779070,780.0
1393452881890,780.0
1393452966010,780.0
1393453074260,780.0
1393453180040,780.0
1393453263980,780.0
1393453347900,780.0
1393453436150,780.0
1393453537920,779.370414734
1393453621750,779.60655721
1393453706030,779.60655721
1393453796430,779.60655721
1393453885020,780.0
1393453968690,780.0
1393454054940,778.878298442
1393454142880,779.60655721
1393454227280,779.370414734
1393454310890,779.60655721
1393454396170,779.0
1393454496590,778.819671631
1393454580920,780.0
1393454664780,780.0
1393454771070,780.0
1393454856040,780.0
1393454939650,779.213114421
1393455023950,779.213114421
1393455137610,779.370414734
1393455223380,778.083529154
1393455307590,779.213114421
1393455392020,780.0
1393455477320,780.0
1393455561860,780.0
1393455645660,778.583529154
1393455731930,779.213114421
1393455834450,779.370414734
1393455921970,780.0
1393456112040,780.0
1393456233000,769.866798401
1393456333770,780.0
1393456449520,779.370414734
1393456536280,780.0
1393456687470,779.60655721
1393456775610,780.0
1393456922410,779.60655721
1393457009500,779.60655721
1393457161000,778.976971944
1393457246500,780.0
1393457333550,779.370414734
1393457418880,779.60655721
1393457503720,780.0
1393457587560,780.0
1393457672210,780.0
1393457757520,779.213114421
1393457841750,778.976971944
1393457925560,779.370414734
1393458010420,779.60655721
1393458109630,780.0
1393458193450,778.870414734
1393458277130,779.370414734
1393458362270,780.0
1393458447180,780.0
1393458531170,780.0
1393458615760,780.0
1393458701210,779.370414734
1393458785610,780.0
1393458869350,779.370414734
1393458953910,774.80783844
1393459039640,780.0
1393459124000,780.0
1393459208030,778.976971944
1393459292650,774.178253174
1393459377920,780.0
1393459462100,779.370414734
1393459546040,778.190086365
1393459630980,780.0
1393459716390,779.60655721
1393459802250,773.942110697
1393459886750,780.0
1393459971900,775.166666667
1393460057020,779.60655721
1393460144200,780.0
1393460228600,780.0
1393460313770,780.000437419
1393460398230,780.0
1393460482010,780.0
1393460566840,779.60655721
1393460651950,780.0
1393460736250,780.0
1393460820340,780.0
1393460905320,778.190086365
1393460990270,779.370414734
1393461074280,779.370414734
1393461158360,780.0
1393461243460,779.213114421
1393461328130,779.213114421
1393461412420,780.0
1393461496780,780.0
1393461581640,778.334231059
1393461665580,780.0
1393461749650,779.60655721
1393461834320,780.0
1393461918370,779.370414734
1393462002290,775.20128123
1393462086310,779.60655721
1393462170760,780.0
1393462254720,779.370414734
1393462338570,769.237213135
1393462422710,779.213114421
1393462507400,780.0
1393462591970,780.0
1393462675670,779.60655721
1393462760300,779.60655721
1393462874850,779.60655721
1393462959580,780.0
1393463043450,777.897140503
1393463128160,780.0
1393463213280,780.0
1393463297590,780.0
1393463381630,779.370414734
1393463467170,780.0
1393463553000,775.20128123
1393463637490,780.0
1393463721690,780.0
1393463806790,778.976971944
1393463891460,780.0
1393463975560,780.0
1393464060180,780.0
1393464144980,779.60655721
1393464229400,774.571695964
1393464313510,780.000109355
1393464401050,779.60655721
1393464485650,774.80783844
1393464569620,779.370414734
1393464653530,779.60655721
1393464737440,779.60655721
1393464822090,780.0
1393464905900,774.178143819
1393464989830,780.0
1393465073770,778.976971944
1393465157950,778.713114421
1393465242520,779.60655721
1393465326540,780.0
1393465410430,780.0
1393465494230,774.80783844
1393465578070,779.370414734
1393465661890,779.60655721
1393465745840,780.0
1393465829720,780.0
1393465913550,775.20128123
1393465997620,780.0
1393466081370,780.0
1393466165370,780.0
1393466249190,780.0
1393466333370,778.976971944
1393466416990,780.0
1393466500840,780.0
1393466584800,778.976971944
1393466669250,780.0
1393466753230,778.976971944
1393466837330,779.370414734
1393466921450,773.312525431
1393467005920,780.0
1393467089880,775.20128123
1393467173770,779.333333333
1393467257580,780.0
1393467341450,780.0
1393467425730,779.60655721
1393467509350,779.60655721
1393467593240,780.0
1393467677190,780.0
1393467761220,779.60655721
1393467845170,779.60655721
1393467929160,780.0
1393468013240,778.976971944
1393468096750,775.20128123
1393468181020,779.60655721
1393468265850,780.0
1393468350070,778.976971944
1393468433920,780.0
1393468517860,779.60655721
1393468602280,780.0
1393468686530,779.60655721
1393468770340,779.370414734
1393468856400,775.286799113
1393468940350,780.0
1393469024300,775.20128123
1393469108320,780.0
1393469192560,780.0
1393469276760,780.0
1393469360740,780.0
1393469444570,780.0
1393469528560,780.0
1393469612330,780.0
1393469696270,780.0
1393469779780,780.0
1393469863640,780.0
1393469947330,774.80783844
1393470031120,780.0
1393470115740,775.20128123
1393470200350,770.402562459
1393470284430,779.370414734
1393470368650,780.0
1393470452700,775.20128123
1393470537090,778.740829468
1393470620800,774.80783844
1393470704700,780.0
1393470789160,780.0
1393470873060,779.60655721
1393470963750,779.60655721
1393471047800,774.70128123
1393471131570,780.0
1393471215810,780.0
1393471299720,779.60655721
1393471383520,780.0
1393471467240,779.60655721
1393471551210,780.0
1393471635210,779.60655721
1393471719180,775.20128123
1393471802790,780.0
1393471886710,779.60655721
1393471971010,778.976971944
1393472055850,780.0
1393472140200,775.20128123
1393472224550,780.0
1393472308680,774.113146464
1393472392450,779.370414734
1393472476420,779.370414734
1393472560670,780.0
1393472662950,780.0
1393472746850,778.642158508
1393472830640,779.213114421
1393472914570,778.642155965
1393472998520,779.60655721
1393473082810,779.60655721
1393473166430,770.402562459
1393473250330,774.571695964
1393473334130,780.0
1393473417910,779.60655721
1393473501570,779.213114421
1393473585720,774.41439565
1393473670730,779.60655721
1393473754850,779.333333333
1393473838580,780.10655721
1393473922660,780.0
1393474006600,779.271741231
1393474090330,780.0
1393474174150,778.740829468
1393474259700,780.0
1393474343820,775.20128123
1393474427990,780.0
1393474511870,780.0
1393474595740,779.333333333
1393474679750,780.0
1393474763750,780.0
1393474847540,779.60655721
1393474931450,780.0
1393475015310,774.80783844
1393475098990,780.0
1393475182390,780.0
1393475266480,779.370414734
1393475350560,780.0
1393475434550,780.0
1393475519040,779.60655721
1393475603600,779.370414734
1393475687480,780.0
1393475771190,779.213114421
1393475855280,778.939890544
1393475939030,779.370414734
1393476022870,779.370414734
1393476106730,780.0
1393476190630,780.0
1393476274680,779.370414734
1393476358950,778.583529154
1393476443000,780.0
1393476527140,775.20128123
1393476611190,779.370414734
1393476694960,780.0
1393476778760,780.0
1393476862860,778.248713175
1393476946820,779.213114421
1393477030940,779.60655721
1393477115310,779.5
1393477199240,775.20128123
1393477283240,779.60655721
1393477367390,775.20128123
1393477451930,775.20128123
1393477536340,779.213114421
1393477620250,779.60655721
1393477704570,779.60655721
1393477789370,775.522939046
1393477873600,779.60655721
1393477958160,779.60655721
1393478043100,779.60655721
1393478128210,779.607180278
1393478211690,779.213114421
1393478313130,779.035601298
1393478398230,774.39335378
1393478482930,778.976971944
1393478566570,778.976971944
1393478650960,780.0
1393478736140,770.402562459
1393478820960,774.80783844
1393478904700,779.60655721
1393478989130,780.0
1393479074730,779.370414734
1393479158820,780.0
1393479243040,779.370414734
1393479328010,780.0
1393479413150,778.976348877
1393479497110,775.20128123
1393479581220,780.0
1393479667170,780.0
1393479752240,780.0
1393479836290,780.0
1393479934520,779.60655721
1393480019750,779.370414734
1393480104310,780.0
1393480188040,780.0
1393480273980,780.0
1393480359260,779.370414734
1393480444570,780.0
1393480528490,780.0
1393480613710,780.0
1393480715630,774.80783844
1393480799450,779.370414734
1393480883300,780.0
1393480968370,779.333333333
1393481067810,780.0
1393481152030,780.0
1393481236220,779.213114421
1393481321810,775.20128123
1393481406550,780.0
1393481490420,780.0
1393481574800,780.0
1393481659750,780.0
1393481744280,780.0
1393481827940,780.0
1393481941330,775.20128123
1393482026480,779.370414734
1393482111460,780.000623067
1393482195290,780.0
1393482280720,780.0
1393482365700,780.0
1393482449470,780.0
1393482536640,779.370414734
1393482639550,780.0
1393482727530,780.0
1393482812040,775.20128123
1393482899940,780.0
1393482987410,780.0
1393483071680,779.370414734
1393483155630,775.20128123
1393483241840,779.370414734
1393483355840,780.0
1393483439740,779.370414734
1393483538090,780.0
1393483636050,778.740829468
1393483721340,779.455932617
1393483807030,780.0
1393483893240,780.0
1393484002040,780.0
1393484102420,780.0
1393484186420,780.0
1393484270360,780.0
1393484356340,780.0
1393484446870,780.0
1393484534020,779.333333333
1393484621660,775.20128123
1393484705460,779.370414734
1393484789300,780.0
1393484873550,780.0
1393484958240,780.0
1393485042240,779.370414734
1393485125940,780.0
1393485209530,779.370414734
1393485293670,779.370414734
1393485383710,780.0
1393485467600,780.0
1393485551120,780.0
1393485635080,780.0
1393485719260,780.0
1393485803490,780.0
1393485888790,780.0
1393486056460,780.0
1393486295920,780.0
1393486379260,780.0
1393486462320,780.0
1393486545670,780.0
1393486628660,780.0
1393486711680,780.0
1393486794730,780.0
1393486877830,779.370414734
1393487090810,780.0
1393487151180,780.0
1393487211210,780.0
1393487271200,780.0
1393487331450,780.0
1393487391560,780.0
1393487451800,778.992663574
1393487512190,780.0
1393487572530,780.0
1393487632920,780.0
1393487693040,780.0
1393487754220,780.0
1393487814200,780.0
1393487874280,780.0
1393487934590,780.0
1393487994850,780.0
1393488054910,780.0
1393488115270,780.0
1393488175730,780.0
1393488235760,780.0
1393488295980,780.0
1393488356480,780.0
1393488416680,780.0
1393488477140,780.0
1393488537860,780.0
1393488599110,780.0
1393488659870,780.0
1393488720050,780.0
1393488780490,780.0
1393488840800,780.0
1393488901630,780.0
1393488961270,780.0
1393489021590,780.0
1393489082080,780.0
1393489142440,780.0
1393489203510,780.0
1393489264370,780.0
1393489324990,780.0
1393489386030,780.0
1393489446920,780.0
1393489507490,780.0
1393489568170,780.0
1393489629210,780.0
1393489690450,780.0
1393489751990,780.0
1393489812730,780.0
1393489873500,780.0
1393489934060,780.0
1393489994280,780.0
1393490054670,780.0
1393490114730,780.0
1393490175450,780.0
1393490236060,780.0
1393490296850,780.0
1393490357600,778.992663574
1393490418260,778.992663574
1393490479270,780.0
1393490539840,780.0
1393490600350,780.0
1393490661000,780.0
1393490721300,780.0
1393490780390,780.0
1393490841400,780.0
1393490901650,780.0
1393490962360,780.0
1393491023540,780.0
1393491084570,780.0
1393491144950,780.0
1393491205270,780.0
1393491266050,780.0
1393491326290,780.0
1393491386690,780.0
1393491447270,780.0
1393491507950,780.0
1393491568200,780.0
1393491628900,780.0
1393509202400,779.035601298
1393509262240,780.0
1393509322250,777.733493042
1393509382650,780.0
1393509442380,780.0
1393509503450,779.244497681
1393509562890,780.0
1393509623750,778.938049316
1393509683350,774.13310605
1393509744360,780.0
1393509803910,780.0
1393509864640,780.0
1393509924270,779.550351097
1393509984160,780.0
1393510044270,780.0
1393510105170,778.488995361
1393510165290,780.0
1393510224680,780.0
1393510285650,780.0
1393510406320,779.370414734
1393510467570,780.0
1393510526650,780.0
1393510587520,780.0
1393510646630,780.0
1393510708430,780.0
1393510769870,779.280473982
1393510830300,780.0
1393510890220,774.515749977
1393510949650,780.0
1393511009560,780.0
1393511069720,780.0
1393511130870,774.515749977
1393511189960,780.0
1393511251270,780.0
1393511310950,780.0
1393511370860,779.280473982
1393511430950,780.0
1393512173210,779.60655721
1393512232640,779.280473982
1393512292900,779.527868652
