1392671751502,0.851517813546
1392671864064,9.67242380977
1392671899430,1.47436159798
1392671934334,15.177870773
1392671971987,39.7640563093
1392672009871,42.4325363546
1392672044539,138.139878716
1392672079132,26.2815822332
1392672113963,75.5465867437
1392673094929,51.5818177873
1392673131563,25.2863591444
1392673164842,37.0550430093
1392673198023,30.6554425733
1392673231171,10.7341204232
1392673264329,60.4153981954
1392673297724,26.496990338
1392673330904,47.9412709896
1392673364233,69.8486366062
1392673397822,29.8434071593
1393353982442,114.959322214
1393360103739,27.9310935126
1393361311562,23.2030802222
1393362518775,25.0415613376
1393363727154,27.3266732301
1393364933504,26.0188845563
1393366140876,20.6308100182
1393367348875,23.1817723535
1393368575396,21.6459155385
1393369781993,19.349858088
1393370989122,30.868444357
1393372195615,50.3201638425
1393373403642,33.0091848634
1393374610382,23.9760406852
1393375817637,17.8995598063
1393377024018,19.836094185
1393378235905,16.9234535596
1393379443082,8.41754632894
1393380650747,15.2265650457
1393381857750,19.5441164379
1393383064270,19.5570804084
1393384270923,28.1664069842
1393385478485,25.2051832109
1393386685624,19.933416692
1393387892573,20.7448922642
1393389098678,16.1382826452
1393390305898,20.5205017992
1393391512963,27.9034702768
1393392722088,21.3838760641
1393393929165,21.4854210606
1393395136181,21.766582934
1393396342934,25.5221217097
1393397550310,21.953745017
1393398757474,28.3390669699
1393399964249,33.3083931039
1393401171087,27.6417410313
1393402378058,32.6563963149
1393403584601,30.2457832459
1393404791770,22.7362606711
1393405998504,15.15353144
1393407205101,36.1627053967
1393408412242,22.0703798001
1393409619113,25.0521316461
1393410825861,25.175475655
1393412032736,26.2615282576
1393413239736,21.9707772938
1393414446587,17.6452038137
1393415653418,30.145303534
1393416860175,39.1405756023
1393418066209,24.0201549344
1393419273175,23.1554767891
1393420479921,12.5480219346
1393528999295,41.1806921814
1393529019740,33.1812159724
1393529068069,62.2924853263
1393529087595,22.9523726782
1393529108233,46.1119404999
1393604262301,2.54579228738
1393604334450,1.86432025397
1393604594280,4.06392623863
1393604614226,8.95089563326
1393604653645,29.4643553145
1393604693421,10.1005634441
1393604753433,9.46068416856
1393605805550,52.2306196584
1393607571850,27.22801709
1393621706494,189.689822196
1393622257237,175.244172503
1393623479133,172.787200432
1393624679257,117.041062798
1393858232142,49.0851780793
1393865410080,154.511093296
1393866341533,49.8002590877
1393875762371,184.158966744
1393877402908,99.9766511857
1393877414339,84.0211097394
1393877565622,85.7751799847
1393877685740,58.2934224326
1393877805777,59.4513078408
1393877925873,62.8478280737
1393878045891,82.1951986756
1393878165960,54.9992107619
1393878285954,75.0952245052
1393945752315,10.976743812
1393945872297,15.4887517358
1393950235343,30.6337105268
1393955487896,53.9520709135
1393956035126,24.5920554922
1393956055586,43.1394642696
1393956871468,16.3460919602
1393957916774,35.0716072286
1393958548461,17.2004246846
1393958608930,60.3843851592
1393959851393,18.9213085431
1393959871855,7.40989991195
1393959891244,28.4241866567
1393959911692,62.5960894509
1393959931070,32.2795834195
1393959951514,71.5143020087
1393959971975,24.5541665645
1393959991347,15.7837609729
1393960011812,53.4011565905
1393960031192,29.1872646082
1393960051625,5.65961938438
1393960072076,35.1897052053
1393960091466,13.4690020766
1393960111933,31.8037327532
1393960131308,18.5654085094
1393960151747,66.6215498405
1393960171122,26.6052596514
1393960191599,19.1628485398
1393960212044,31.6821025695
1393960231412,33.7249979316
1393960251877,9.41360892222
1393960271263,55.091230545
1393960291715,30.4630403267
1393960312160,22.8186489869
1393960331537,33.866441134
1393960351987,43.5054007289
1393960371365,42.0612688445
1395079512172,0.000420045932035
1395079989684,0.000419543553355
1395080049348,0.000419928360233
1395080109193,0.000420077189726
1395080170272,0.000420303930074
1395080229377,0.000420382682933
1395080289683,0.000420233070106
1395082307321,0.000420468277298
1395082367005,0.000420268411769
1395082426842,0.000420479327758
1395082487903,0.00042064926704
1395082546935,0.000420260495316
1395082607267,0.000420290457744
1395082667775,0.000420596852654
