1393360103739,-30000.0
1393361311562,-30000.0
1393362518775,-30000.0
1393363727154,-30000.0
1393364933504,-30000.0
1393366140876,-30000.0
1393367348875,-30000.0
1393368575396,-30000.0
1393369781993,-30000.0
1393370989122,-30000.0
1393372195615,-30000.0
1393373403642,-30000.0
1393374610382,-30000.0
1393375817637,-30000.0
1393377024018,-30000.0
1393378235905,-30000.0
1393379443082,-30000.0
1393380650747,-30000.0
1393381857750,-30000.0
1393383064270,-30000.0
1393384270923,-30000.0
1393385478485,-30000.0
1393386685624,-30000.0
1393387892573,-30000.0
1393389098678,-30000.0
1393390305898,-30000.0
1393391512963,-30000.0
1393392722088,-30000.0
1393393929165,-30000.0
1393395136181,-30000.0
1393396342934,-30000.0
1393397550310,-30000.0
1393398757474,-30000.0
1393399964249,-30000.0
1393401171087,-30000.0
1393402378058,-30000.0
1393403584601,-30000.0
1393404791770,-30000.0
1393405998504,-30000.0
1393407205101,-30000.0
1393408412242,-30000.0
1393409619113,-30000.0
1393410825861,-30000.0
1393412032736,-30000.0
1393413239736,-30000.0
1393414446587,-30000.0
1393415653418,-30000.0
1393416860175,-30000.0
1393418066209,-30000.0
1393419273175,-30000.0
1393420479921,-30000.0
1393528999295,-30000.0
1393529019740,-30000.0
1393529068069,-30000.0
1393529087595,-30000.0
1393529108233,-30000.0
1393604594280,-30000.0
1393604653645,-30000.0
1393605805550,-30000.0
1393607571850,-30000.0
1393621706494,-30000.0
1393622257237,-30000.0
1393623479133,-30000.0
1393624679257,-30000.0
1393858232142,-30000.0
1393865410080,-30000.0
1393866341533,-30000.0
1393875762371,-30000.0
1393877402908,-30000.0
1393877565622,-30000.0
1393877685740,-30000.0
1393877805777,-30000.0
1393877925873,-30000.0
1393878045891,-30000.0
1393878165960,-30000.0
1393878285954,-30000.0
1393945752315,-30000.0
1393945872297,-30000.0
1393950235343,-30000.0
1393955487896,-30000.0
1393956035126,-30000.0
1393956871468,-30000.0
1393957916774,-30000.0
1393958548461,-30000.0
1393958608930,-30000.0
1393959851393,-30000.0
1393959871855,-30000.0
1393959891244,-30000.0
1393959911692,-30000.0
1393959931070,-30000.0
1393959951514,-30000.0
1393959971975,-30000.0
1393959991347,-30000.0
1393960011812,-30000.0
1393960031192,-30000.0
1393960051625,-30000.0
1393960072076,-30000.0
1393960091466,-30000.0
1393960111933,-30000.0
1393960131308,-30000.0
1393960151747,-30000.0
1393960171122,-30000.0
1393960191599,-30000.0
1393960212044,-30000.0
1393960231412,-30000.0
1393960251877,-30000.0
1393960271263,-30000.0
1393960291715,-30000.0
1393960312160,-30000.0
1393960331537,-30000.0
1393960351987,-30000.0
1393960371365,-30000.0
1395079512172,0.0
1395079989684,0.0
1395080049348,0.0
1395080109193,0.0
1395080170272,0.0
1395080229377,0.0
1395080289683,0.0
1395082307321,0.0
1395082367005,0.0
1395082426842,0.0
1395082487903,0.0
1395082546935,0.0
1395082607267,0.0
1395082667775,0.0
