1392826837720,367.309125115
1392826874850,367.312484741
1392827011040,367.448069853
1392827050910,367.488074808
1392827092190,367.49897427
1392827131250,367.507755055
1392827172340,367.515316234
1392827212680,367.530899945
1392827252150,367.559430291
1392827291840,367.584885541
1392827442480,367.633272171
1392827471300,367.617434184
1392827625620,367.73076884
1392827664070,367.773392621
1392975593230,366.663673655
1392976815360,366.390337419
1392978037410,1095.76914058
1392979259130,1199.03179618
1392980481540,1199.03185298
1392981702850,1199.04496526
1392982923840,1199.06247481
1392994525140,1199.3540674
1392995744730,1199.32359645
1392996963270,1365.35081176
1392998185640,1448.41980956
1392999403730,1448.0097716
1393400967970,1878.8144352
1393402195580,1878.46207744
1393403420460,1878.47784625
1393404645600,1878.67913199
1393405870820,1878.71362551
1393407095620,1878.75163808
1393409446050,1879.01882102
1393409533670,1879.03691517
1393409625980,1879.07527854
1393409829210,1879.06381093
1393409914430,1879.12937419
1393409997880,1879.09622701
1393414466550,2188.17563264
1393414551480,2188.06523641
1393414635660,2188.02715047
1393414719740,2187.8192749
1393414804220,2187.94133504
1393414888050,2187.7781779
1393414972230,2187.61104329
1393415056210,2187.67379761
1393415141540,2187.58455404
1393415226060,2187.5168457
1393415310250,2187.78372192
1393415394330,2187.61925252
1393415478420,2187.54467773
1393415562610,2187.48545329
1393415646750,2187.36765544
1393415730930,2187.63764445
1393415817710,2187.82709757
1393415901740,2188.02387492
1393415985620,2188.14715576
1393416070080,2188.03862508
1393416155670,2187.88549805
1393416239930,2188.10576375
1393416323990,2188.05481974
1393416420890,2187.92827352
1393416504850,2187.97653198
1393416589120,2187.95402018
1393416673330,2187.71787516
1393416757610,2187.60911051
1393416841250,2187.72224935
1393416925450,2187.61642456
1393417009450,2187.48133341
1393417093370,2187.49369303
1393417177060,2187.59818522
1393417261170,2187.78261312
1393417345230,2187.79301961
1393417429590,2187.5854187
1393417513710,2187.77760824
1393417597830,2187.48977661
1393417681590,2187.62835693
1393417765320,2187.74789429
1393417849080,2187.31478882
1393417933500,2187.28803507
1393418018690,2187.10417684
1393418105500,2187.00987752
1393418189030,2187.08170573
1393418273240,2187.13617961
1393418357090,2187.17411296
1393418441210,2187.18198649
1393418524920,2187.14607747
1393418608970,2187.04259237
1393418692890,2187.19729614
1393418776720,2187.07795207
1393418860430,2187.14382935
1393418944520,2187.17579142
1393419028930,2187.23072306
1393419113510,2187.18163045
1393419197870,2187.13459269
1393419281840,2186.93187459
1393419366240,2186.94054159
1393419450440,2186.89855957
1393419534490,2187.05406698
1393419618950,2186.85750326
1393419703310,2186.81501261
1393419787930,2186.78397624
1393419871720,2186.76185099
1393419956070,2186.76167806
1393420039970,2186.74075317
1393420123900,2186.74939982
1393420207780,2186.73428345
1393420291650,2186.753479
1393420375480,2186.73272705
1393420462540,2186.7278951
1393420546310,2186.7355245
1393420630380,2186.72772217
1393420714270,2186.73046875
1393420798270,2186.72642008
1393420882040,2186.72353109
1393420965850,2186.72599284
1393421049810,2186.7252299
1393421133340,2186.72457886
1393421217130,2186.72293091
1393421300820,2186.72258504
1393421384690,2186.72231038
1393421468940,2186.72276815
1393421553360,2186.72119141
1393421637340,2186.72271729
1393421724720,2186.72212728
1393421808710,2186.71695964
1393421892750,2186.72236125
1393421976780,2186.71866862
1393422061150,2186.69456991
1393422145080,2186.63861084
1393422229130,2186.68412272
1393422313390,2186.69775391
1393422397270,2186.68302409
1393422481660,2186.6898702
1393422565700,2186.69977824
1393422649480,2186.71287028
1393422733410,2186.71158854
1393422816990,2186.70896403
1393422902030,2186.6992391
1393422985980,2186.69954427
1393423070040,2186.69464111
1393423154280,2186.69662476
1393423238570,2186.69910685
1393423322470,2186.67249552
1393423406440,2186.61960856
1393423490870,2186.54467773
1393423577060,2186.38785807
1393423661220,2186.38519287
1393423746940,2186.28820801
1393423835250,2186.21477254
1393423919420,2186.21016439
1393424003710,2186.09762573
1393424087610,2186.1955363
1393424171560,2186.21011353
1393424255510,2186.36175537
1393424339400,2186.26170858
1393424423050,2186.22736613
1393424507070,2186.28631592
1393424591120,2186.30299886
1393424675030,2186.32014974
1393424759110,2186.19476318
1393424842940,2186.10212199
1393424927020,2186.10080973
1393425011140,2186.07151286
1393425095160,2186.03114827
1393425179340,2186.0350647
1393425263040,2186.06636556
1393425347650,2186.03700765
1393425431840,2185.98384603
1393425515770,2186.0466512
1393425599760,2186.11525472
1393425683930,2186.0649821
1393425768040,2186.05700684
1393425852500,2186.0848999
1393425936480,2186.12724813
1393426020240,2186.08086141
1393426104540,2186.18343099
1393426188710,2186.2133077
1393426272750,2186.27306112
1393426357240,2186.26969401
1393426441680,2186.27707926
1393426525540,2186.44174194
1393426609980,2186.49771118
1393426694960,2186.51373291
1393426778900,2186.48326619
1393426863310,2186.43932088
1393426946990,2186.41494751
1393427030870,2186.46879069
1393427114950,2186.43458049
1393427198730,2186.33713786
1393427282990,2186.33611043
1393427368100,2186.33875529
1393427452430,2186.34385173
1393427542610,2186.29840088
1393427626440,2186.31102498
1393427710450,2186.28645833
1393427795640,2186.15702311
1393427880200,2186.23732503
1393427964300,2186.37934367
1393428048230,2186.47146606
1393428132120,2186.44358317
1393428216030,2186.51290894
1393428299870,2186.52719116
1393428384430,2186.50415039
1393428468410,2186.51004028
1393428552630,2186.4899292
1393428636250,2186.47909546
1393428721950,2186.45452881
1393428805950,2186.45126343
1393428889970,2186.48672485
1393428973820,2186.41089884
1393429058440,2186.47142537
1393429142790,2186.53907267
1393429226680,2186.45019531
1393429310710,2186.48112996
1393429394870,2186.45241292
1393429478940,2186.47338867
1393429563010,2186.54651896
1393429652850,2186.51545207
1393429736770,2186.41858927
1393429820750,2186.50420125
1393429904730,2186.47286987
1393430002910,2186.3645223
1393430087120,2186.44425456
1393430174600,2186.45253499
1393430287340,2186.51153564
1393430375330,2186.49905396
1393430466250,2186.50443522
1393430549990,2186.50850423
1393430634200,2186.57044474
1393430718340,2186.62329102
1393430802680,2186.62578328
1393430886630,2186.65778605
1393430970760,2186.63050334
1393431055090,2186.68071493
1393431138850,2186.67842611
1393431223500,2186.64934285
1393431315720,2186.62915039
1393431400870,2186.60218302
1393431484960,2186.47078451
1393431568760,2186.42996216
1393431652920,2186.46633911
1393431736750,2186.3548584
1393431821020,2186.3211263
1393431904850,2186.45145671
1393431988860,2186.52918498
1393432072590,2186.52809652
1393432156570,2186.51387533
1393432240570,2186.5368042
1393432324410,2186.58678182
1393432408260,2186.55036418
1393432492300,2186.50379435
1393432576230,2186.40195719
1393432660300,2186.28377279
1393432744220,2186.37015788
1393432828090,2186.41994222
1393432911730,2186.33655802
1393432995680,2186.20679728
1393433079550,2186.17107137
1393433163530,2186.18236287
1393433247320,2186.21496582
1393433331230,2186.29730225
1393433415200,2186.27790324
1393433499070,2186.1977946
1393433583150,2186.2221578
1393433667150,2186.33248901
1393433751330,2186.26883952
1393433835130,2186.27909342
1393433919060,2186.30344645
1393434002850,2186.24112956
1393434086760,2186.08772786
1393434170760,2186.01792399
1393434254650,2186.05409749
1393434338890,2186.03080241
1393434422830,2186.02345785
1393434506430,2186.07377116
1393434590150,2186.22411092
1393434673860,2186.1900533
1393434757960,2186.10305786
1393434841840,2186.11970011
1393434925610,2186.13819377
1393435009450,2186.14356486
1393435093230,2186.22901408
1393435177200,2186.3715922
1393435266840,2186.5119222
1393435350820,2186.60448201
1393435434520,2186.65333049
1393435518440,2186.67782593
1393435602540,2186.67127482
1393435686260,2186.7130839
1393435769850,2186.71880086
1393435854380,2186.72096761
1393435938520,2186.71996053
1393436022700,2186.72099813
1393436106610,2186.72045898
1393436190490,2186.72079468
1393436274240,2186.72108968
1393436358110,2186.72119141
1393436441800,2186.72164917
1393436525840,2186.72116089
1393436609690,2186.72027588
1393436693730,2186.72137451
1393436777560,2186.72214762
1393436861840,2186.72718302
1393436945620,2186.73036702
1393437029700,2186.73303223
1393437113360,2186.78875732
1393437197130,2186.8339742
1393437281250,2186.93415324
1393437365410,2186.98603312
1393437449100,2187.28929647
1393437534260,2187.66881307
1393437618280,2187.75604248
1393437702270,2187.84253947
1393437786430,2187.81994629
1393437870290,2188.07405599
1393437954250,2188.15038045
1393438038020,2188.26216634
1393438121930,2188.25700887
1393438205760,2188.2264506
1393438289630,2188.24950155
1393438373560,2188.25768026
1393438457280,2188.26719157
1393438541230,2188.26484172
1393438625100,2188.27071126
1393438708850,2188.25614421
1393438792930,2188.28693644
1393438876910,2188.26272583
1393438963450,2188.27757772
1393439047310,2188.27531942
1393439130910,2188.29591878
1393439214770,2188.33227539
1393439298760,2188.38550822
1393439382790,2188.42147827
1393439466850,2188.50466919
1393439551190,2188.55771891
1393439634930,2188.55427043
1393439718710,2188.5760498
1393439802690,2188.55020142
1393439886680,2188.56456502
1393439970950,2188.56708781
1393440055060,2188.57696533
1393440138870,2188.60818481
1393440222890,2188.60663859
1393440306820,2188.61568197
1393440390760,2188.61516317
1393440474500,2188.62417603
1393440558520,2188.62227376
1393440642480,2188.62462362
1393440726190,2188.61405436
1393440809740,2188.61986287
1393440893740,2188.62410482
1393440977920,2188.63050334
1393441061850,2188.64100138
1393441145820,2188.6668396
1393441229620,2188.6836141
1393441313490,2188.68603516
1393441397610,2188.70914714
1393441481280,2188.84565226
1393441565200,2188.88658651
1393441649290,2188.85955811
1393441733080,2188.78765869
1393441816800,2188.81535848
1393441900870,2188.89131673
1393441984960,2188.93776449
1393442069110,2188.93323771
1393442152840,2188.9433492
1393442237260,2189.00352987
1393442321410,2189.03379313
1393442405430,2189.00194295
1393442488850,2189.0792745
1393442572840,2189.14731852
1393442656740,2189.25771077
1393442740690,2189.26312256
1393442824320,2189.25358073
1393442908350,2189.37732951
1393442992270,2189.32485962
1393443076450,2189.48465983
1393443160140,2189.54504395
1393443244210,2189.5819397
1393443328160,2189.58242798
1393443412030,2189.58704631
1393443495820,2189.58626302
1393443579880,2189.5943807
1393443663830,2189.59532674
1393443747870,2189.59834798
1393443832510,2189.59841919
1393443916670,2189.59791056
1393444001040,2189.59825643
1393444084860,2189.59937541
1393444168580,2189.5976766
1393444252620,2189.60054525
1393444336710,2189.59892782
1393444420540,2189.5987854
1393444504530,2189.59903971
1393444588540,2189.84295654
1393444672240,2189.80107625
1393444755860,2190.09516398
1393444839640,2190.32887777
1393444923540,2190.34784953
1393445007640,2190.38531494
1393445091600,2190.52545166
1393445175550,2190.53046672
1393445259710,2190.53850301
1393445343740,2190.53029378
1393445427540,2190.55543009
1393445511440,2190.55733236
1393445595390,2190.56766764
1393445679330,2190.56230672
1393445763220,2190.55661011
1393445846810,2190.54225667
1393445930920,2190.54452515
1393446014690,2190.5608724
1393446098790,2190.56549072
1393446182840,2190.54378255
1393446266670,2190.54307048
1393446350620,2190.54570516
1393446434310,2190.54370117
1393446518370,2190.55138143
1393446602190,2190.55097453
1393446686230,2190.54783122
1393446770080,2190.55212402
1393446854040,2190.55064901
1393446938020,2190.55332438
1393447022290,2190.55421956
1393447106510,2190.5662028
1393447190120,2190.56727091
1393447274070,2190.56377157
1393447358020,2190.5684611
1393447442010,2190.57150269
1393447525720,2190.58465576
1393447609570,2190.59421794
1393447693510,2190.58511353
1393447777520,2190.57707723
1393447861480,2190.59121704
1393447945350,2190.59018962
1393448029220,2190.58825684
1393448113370,2190.7294515
1393448197340,2190.74393717
1393448281120,2190.65826416
1393448364740,2190.62312826
1393448448990,2190.60016886
1393448532840,2190.59147135
1393448616820,2190.59275309
1393448700580,2190.59400431
1393448784410,2190.59590658
1393448867890,2190.59535726
1393448951750,2190.60455322
1393449035720,2190.61495972
1393449119660,2190.60231527
1393449203350,2190.60772705
1393449287420,2190.62446086
1393449371350,2190.60916138
1393449455250,2190.60028076
1393449544050,2190.61728923
1393449627840,2190.67962646
1393449711920,2190.66215007
1393449795620,2190.75060018
1393449879580,2190.70310465
1393449963460,2190.73948161
1393450047230,2190.68740845
1393450131180,2190.66023763
1393450215110,2190.6036377
1393450299050,2190.86293538
1393450382820,2190.8609314
1393450466890,2190.94198608
1393450550740,2190.83929443
1393450634790,2190.74072266
1393450732040,2190.74156698
1393450815820,2190.78312174
1393450899520,2190.84106445
1393450983590,2190.74338786
1393451067480,2190.7162679
1393451151530,2190.71213786
1393451235610,2190.68560791
1393451319420,2190.69309489
1393451403640,2190.67880249
1393451487860,2190.7017924
1393451571720,2190.69505819
1393451655650,2190.75357056
1393451739750,2190.7801005
1393451823620,2190.77099609
1393451907280,2190.75909424
1393451991240,2190.88186646
1393452075140,2191.0174764
1393452159190,2191.05497233
1393452242850,2190.90179443
1393452326990,2190.86896769
1393452411990,2190.92046102
1393452502780,2190.88786825
1393452586490,2190.85161336
1393452674100,2190.83174642
1393452779070,2190.95500692
1393452881890,2190.85703532
1393452966010,2190.80870565
1393453074260,2190.82710775
1393453180040,2190.86515299
1393453263980,2190.84813436
1393453347900,2190.71505737
1393453436150,2190.7855835
1393453537920,2190.80555216
1393453621750,2190.79462687
1393453706030,2190.78303019
1393453796430,2190.88893636
1393453885020,2190.83558146
1393453968690,2190.90345256
1393454054940,2190.9462382
1393454142880,2190.91941325
1393454227280,2191.00241089
1393454310890,2190.84372965
1393454396170,2190.86672974
1393454496590,2191.01204427
1393454580920,2190.95386759
1393454664780,2190.83555094
1393454771070,2190.75608317
1393454856040,2190.78244019
1393454939650,2190.77982585
1393455023950,2190.80523682
1393455137610,2190.86849976
1393455223380,2190.85486857
1393455307590,2190.89266968
1393455392020,2190.88200887
1393455477320,2190.97042847
1393455561860,2190.9350179
1393455645660,2190.96211751
1393455731930,2191.01201375
1393455834450,2191.03626506
1393455921970,2190.94700114
1393456112040,2191.07450358
1393456233000,2191.12378947
1393456333770,2191.14109294
1393456449520,2191.0693868
1393456536280,2191.12265015
1393456687470,2191.07492065
1393456775610,2191.09523519
1393456922410,2191.0473938
1393457009500,2191.05380249
1393457161000,2191.1144104
1393457246500,2191.13572184
1393457333550,2191.15971883
1393457418880,2191.14972941
1393457503720,2191.13718669
1393457587560,2191.12943522
1393457672210,2191.10109456
1393457757520,2191.08771769
1393457841750,2191.07903035
1393457925560,2191.02296956
1393458010420,2191.06067912
1393458109630,2191.03398641
1393458193450,2191.08466593
1393458277130,2191.10935465
1393458362270,2190.99266561
1393458447180,2191.03202311
1393458531170,2191.00126139
1393458615760,2191.04144287
1393458701210,2190.99878947
1393458785610,2191.02466838
1393458869350,2190.96640015
1393458953910,2191.04754639
1393459039640,2191.02076213
1393459124000,2190.98365275
1393459208030,2191.00028483
1393459292650,2191.03903198
1393459377920,2190.98688761
1393459462100,2191.02274577
1393459546040,2191.01890055
1393459630980,2191.03525798
1393459716390,2190.92964681
1393459802250,2190.88007609
1393459886750,2190.76524862
1393459971900,2190.89763387
1393460057020,2190.83081055
1393460144200,2190.90282186
1393460228600,2190.85378011
1393460313770,2190.80227661
1393460398230,2190.89703369
1393460482010,2190.92618815
1393460566840,2190.90473429
1393460651950,2191.03223674
1393460736250,2190.94254557
1393460820340,2191.00352987
1393460905320,2190.93784587
1393460990270,2191.06112671
1393461074280,2190.95916748
1393461158360,2190.95020549
1393461243460,2190.88994344
1393461328130,2190.83666992
1393461412420,2190.83436076
1393461496780,2190.85153198
1393461581640,2190.9147644
1393461665580,2190.8556722
1393461749650,2190.78034465
1393461834320,2190.87731934
1393461918370,2190.87688192
1393462002290,2190.92313639
1393462086310,2191.05062866
1393462170760,2190.9425354
1393462254720,2190.96801758
1393462338570,2191.00311279
1393462422710,2190.94604492
1393462507400,2190.86132812
1393462591970,2190.92317708
1393462675670,2190.97252401
1393462760300,2190.95686849
1393462874850,2190.96217855
1393462959580,2190.90147909
1393463043450,2190.98751831
1393463128160,2190.90396118
1393463213280,2190.89985148
1393463297590,2190.93087769
1393463381630,2190.97025553
1393463467170,2190.96391805
1393463553000,2190.90131632
1393463637490,2190.91669718
1393463721690,2190.99111938
1393463806790,2190.94862874
1393463891460,2190.9579366
1393463975560,2190.95447795
1393464060180,2190.91464233
1393464144980,2190.95288086
1393464229400,2190.97705078
1393464313510,2190.99053955
1393464401050,2190.95875041
1393464485650,2191.06778971
1393464569620,2190.9718221
1393464653530,2190.85911051
1393464737440,2190.94144694
1393464822090,2190.93450928
1393464905900,2190.88862101
1393464989830,2190.99830119
1393465073770,2191.02654012
1393465157950,2190.99881999
1393465242520,2191.10931396
1393465326540,2191.04614258
1393465410430,2191.09707642
1393465494230,2191.10044352
1393465578070,2191.15707397
1393465661890,2191.12533569
1393465745840,2191.10837809
1393465829720,2191.07773844
1393465913550,2191.08297729
1393465997620,2191.04219564
1393466081370,2191.0963033
1393466165370,2190.97925822
1393466249190,2190.96218872
1393466333370,2191.01860555
1393466416990,2190.98323568
1393466500840,2191.10955811
1393466584800,2191.08266195
1393466669250,2191.12897746
1393466753230,2191.08152262
1393466837330,2191.1045634
1393466921450,2191.15280151
1393467005920,2191.13182576
1393467089880,2191.15312703
1393467173770,2191.15443929
1393467257580,2191.09472656
1393467341450,2191.12284342
1393467425730,2191.15174357
1393467509350,2191.10421753
1393467593240,2191.16219076
1393467677190,2191.08578491
1393467761220,2191.14292399
1393467845170,2191.12257894
1393467929160,2191.02850342
1393468013240,2191.04537964
1393468096750,2191.12446086
1393468181020,2191.12121582
1393468265850,2191.09880575
1393468350070,2191.13424683
1393468433920,2191.13440959
1393468517860,2191.1416626
1393468602280,2191.18737793
1393468686530,2191.15496826
1393468770340,2191.08065796
1393468856400,2191.11116536
1393468940350,2191.14243571
1393469024300,2191.07150269
1393469108320,2191.06255086
1393469192560,2191.08445231
1393469276760,2191.12427775
1393469360740,2191.06324259
1393469444570,2191.07189941
1393469528560,2191.07074992
1393469612330,2191.08899943
1393469696270,2191.05753581
1393469779780,2191.01158651
1393469863640,2191.06726074
1393469947330,2191.06278483
1393470031120,2191.05987549
1393470115740,2191.11022949
1393470200350,2191.16190592
1393470284430,2191.15632121
1393470368650,2191.03071086
1393470452700,2191.10391235
1393470537090,2191.03395589
1393470620800,2191.12172445
1393470704700,2191.06463623
1393470789160,2191.05751546
1393470873060,2191.03246053
1393470963750,2190.99343872
1393471047800,2191.04208374
1393471131570,2191.06070964
1393471215810,2191.10221354
1393471299720,2191.09298706
1393471383520,2191.03178914
1393471467240,2191.02471924
1393471551210,2191.11775716
1393471635210,2191.09369914
1393471719180,2191.12786865
1393471802790,2191.01230876
1393471886710,2191.08436076
1393471971010,2191.07528687
1393472055850,2191.09710693
1393472140200,2191.10755412
1393472224550,2191.08943685
1393472308680,2191.07325236
1393472392450,2191.14161174
1393472476420,2191.13420614
1393472560670,2191.08104451
1393472662950,2191.14769491
1393472746850,2191.14648438
1393472830640,2191.13713582
1393472914570,2191.10570272
1393472998520,2191.1794637
1393473082810,2191.12405396
1393473166430,2191.02211507
1393473250330,2191.06374105
1393473334130,2191.07024129
1393473417910,2191.09864299
1393473501570,2191.09320068
1393473585720,2191.01113892
1393473670730,2191.08794149
1393473754850,2191.01308187
1393473838580,2191.07924398
1393473922660,2191.08638509
1393474006600,2191.10859172
1393474090330,2191.11999512
1393474174150,2191.0670166
1393474259700,2191.0797526
1393474343820,2191.17565918
1393474427990,2191.14295451
1393474511870,2191.0148112
1393474595740,2191.08177694
1393474679750,2191.02840169
1393474763750,2191.00270589
1393474847540,2191.03480021
1393474931450,2191.00945028
1393475015310,2190.97290039
1393475098990,2191.01143392
1393475182390,2191.01500448
1393475266480,2191.05263265
1393475350560,2190.97572835
1393475434550,2191.02990723
1393475519040,2191.06454468
1393475603600,2190.98747762
1393475687480,2191.05299886
1393475771190,2191.00757853
1393475855280,2191.06791178
1393475939030,2191.05116781
1393476022870,2191.01200358
1393476106730,2190.9653422
1393476190630,2190.98131307
1393476274680,2191.01339722
1393476358950,2190.95153809
1393476443000,2191.00595093
1393476527140,2190.9249471
1393476611190,2190.93110148
1393476694960,2190.90612793
1393476778760,2190.97039795
1393476862860,2190.98950195
1393476946820,2190.9917806
1393477030940,2190.97140503
1393477115310,2190.97510783
1393477199240,2190.94928996
1393477283240,2190.99821981
1393477367390,2191.03949992
1393477451930,2190.96565755
1393477536340,2190.90564982
1393477620250,2190.96495565
1393477704570,2190.9649353
1393477789370,2190.95582072
1393477873600,2190.99664307
1393477958160,2190.99986776
1393478043100,2191.05698649
1393478128210,2191.03311157
1393478211690,2191.09266154
1393478313130,2191.13750203
1393478398230,2191.10124715
1393478482930,2191.11446126
1393478566570,2191.08670044
1393478650960,2191.06286621
1393478736140,2191.02045695
1393478820960,2191.10191854
1393478904700,2191.00719198
1393478989130,2191.00946045
1393479074730,2190.86189779
1393479158820,2190.8209432
1393479243040,2190.8454895
1393479328010,2190.95048014
1393479413150,2190.91680908
1393479497110,2190.85222371
1393479581220,2190.79109701
1393479667170,2190.68939209
1393479752240,2190.59714762
1393479836290,2190.57384237
1393479934520,2190.56183879
1393480019750,2190.55584717
1393480104310,2190.55218506
1393480188040,2190.5370992
1393480273980,2190.48519897
1393480359260,2190.01346842
1393480444570,2189.721639
1393480528490,2189.61790975
1393480613710,2189.60224406
1393480715630,2189.60055542
1393480799450,2189.6000061
1393480883300,2189.59771729
1393480968370,2189.59117635
1393481067810,2189.58052572
1393481152030,2189.56976318
1393481236220,2189.48069255
1393481321810,2189.38200887
1393481406550,2189.28450521
1393481490420,2189.22589111
1393481574800,2189.1958313
1393481659750,2188.93458049
1393481744280,2188.7978007
1393481827940,2188.65867106
1393481941330,2188.56443278
1393482026480,2188.50586955
1393482111460,2188.46993001
1393482195290,2188.39419556
1393482280720,2188.11392212
1393482365700,2187.92792765
1393482449470,2187.8407491
1393482536640,2187.78810628
1393482639550,2187.7265625
1393482727530,2187.64145915
1393482812040,2187.56810506
1393482899940,2187.26027425
1393482987410,2187.01543172
1393483071680,2186.80513509
1393483155630,2186.74700928
1393483241840,2186.73253377
1393483355840,2186.72773234
1393483439740,2186.72736613
1393483538090,2186.72487386
1393483636050,2186.72403971
1393483721340,2186.72406006
1393483807030,2186.72236125
1393483893240,2186.72318522
1393484002040,2186.72233073
1393484102420,2186.72275798
1393484186420,2186.71810913
1393484270360,2186.69962565
1393484356340,2186.54841105
1393484446870,2186.44355265
1393484534020,2186.26193237
1393484621660,2186.18343099
1393484705460,2185.99996948
1393484789300,2185.83800252
1393484873550,2185.76845296
1393484958240,2185.67497762
1393485042240,2185.62289429
1393485125940,2185.55643717
1393485209530,2185.54753621
1393485293670,2185.54920451
1393485383710,2185.61005656
1393485467600,2185.6074117
1393485551120,2185.59933472
1393485635080,2185.57948812
1393485719260,2185.58824666
1393485803490,2185.58315023
1393485888790,2185.58118207
1393486056460,2185.61117554
1393486295920,2185.28146362
1393486379260,2185.16102091
1393486462320,2184.98269653
1393486545670,2184.88409424
1393486628660,2184.84053548
1393486711680,2184.83400472
1393486794730,2184.843455
1393486877830,2184.82889811
1393487090810,2184.79171753
1393487151180,2184.78994141
1393487211210,2184.76261393
1393487271200,2184.65260315
1393487331450,2184.48136393
1393487391560,2184.08574219
1393487451800,2183.98019206
1393487512190,2183.95351562
1393487572530,2184.04656576
1393487632920,2183.9163737
1393487693040,2184.0362793
1393487754220,2185.73377279
1393487814200,2185.65322876
1393487874280,2185.61004232
1393487934590,2185.55725911
1393487994850,2185.44835612
1393488054910,2185.26630859
1393488115270,2185.1624349
1393488175730,2185.02434896
1393488235760,2184.86806641
1393488295980,2184.81998698
1393488356480,2184.82244466
1393488416680,2184.82179362
1393488477140,2184.81518555
1393488537860,2184.80987956
1393488599110,2184.80678013
1393488659870,2184.88208008
1393488720050,2184.98613281
1393488780490,2184.9733724
1393488840800,2184.91873605
1393488901630,2184.87762044
1393488961270,2184.8988909
1393489021590,2184.88116862
1393489082080,2184.91705729
1393489142440,2184.91824544
1393489203510,2184.89599609
1393489264370,2184.95807292
1393489324990,2184.89863281
1393489386030,2184.84667969
1393489446920,2184.82973633
1393489507490,2184.83317057
1393489568170,2184.78414714
1393489629210,2184.77654622
1393489690450,2184.78684896
1393489751990,2184.7703776
1393489812730,2184.78907878
1393489873500,2184.78466797
1393489934060,2184.76319987
1393489994280,2184.77054036
1393490054670,2184.74249674
1393490114730,2184.75429687
1393490175450,2184.77329799
1393490236060,2184.76176758
1393490296850,2184.75439453
1393490357600,2184.75439453
1393490418260,2184.7738444
1393490479270,2184.73419596
1393490539840,2184.63330078
1393490600350,2184.68920898
1393490661000,2184.76892904
1393490721300,2184.64819336
1393490780390,2184.64736328
1393490841400,2184.69311523
1393490901650,2184.76757812
1393490962360,2184.62643229
1393491023540,2184.70808919
1393491084570,2184.67361654
1393491144950,2184.61370443
1393491205270,2184.6222819
1393491266050,2184.67560221
1393491326290,2184.61214193
1393491386690,2184.65283203
1393491447270,2184.71424154
1393491507950,2184.71951497
1393491568200,2184.75011393
1393491628900,2184.74355469
1393509202400,2186.10347493
1393509262240,2186.10648019
1393509322250,2186.12635498
1393509382650,2186.06680908
1393509442380,2186.06130255
1393509503450,2186.08109131
1393509562890,2186.10302734
1393509623750,2186.10831706
1393509683350,2186.14704241
1393509744360,2186.1255127
1393509803910,2186.17164249
1393509864640,2186.08267822
1393509924270,2186.08289156
1393509984160,2186.03300549
1393510044270,2186.06894531
1393510105170,2186.07578125
1393510165290,2059.24303557
1393510224680,811.848423549
1393510285650,811.709341431
1393510406320,811.638582865
1393510467570,898.418096924
1393510526650,1100.69479515
1393510587520,1100.59011114
1393510646630,1100.53020368
1393510708430,1100.52664621
1393510769870,1100.53686523
1393510830300,1100.58568115
1393510890220,1100.57811919
1393510949650,1100.54820033
1393511009560,1100.56086658
1393511069720,1100.55835571
1393511130870,1100.5002267
1393511189960,1100.47489421
1393511251270,1100.4351051
1393511310950,1100.3591483
1393511370860,1100.3447905
1393511430950,1100.34108276
1393512173210,2191.51968384
1393512232640,2191.52278646
1393512292900,2191.51707764
