1392649514000,0
1392649516000,24
1392649518000,3
1392649520000,0
1392649522000,2
1392670278000,0
1392670280000,46
1392670282000,3
1392670284000,26
1392670286000,27
1392671195000,0
1392671197000,46
1392671199000,0
1392671201000,0
1392671203000,0
1392671205000,13
1392671207000,27
1392671209000,10
1392671211000,31
1392671211000,0
1392671213000,52
1392671213000,67
1392671215000,95
1392671215000,75
1392671217000,76
1392671217000,73
1392671219000,70
1392671219000,75
1392671221000,58
1392671223000,9
1392671225000,12
1392671227000,0
1392671229000,0
1392671231000,1
1392671233000,0
1392671235000,13
1392671237000,0
1392671239000,0
1392671241000,0
1392671243000,0
1392671245000,12
1392671247000,0
1392671249000,0
1392671251000,0
1392671253000,0
1392671255000,13
1392671257000,0
1392671259000,0
1392671261000,0
1392671263000,0
1392671265000,12
1392671267000,0
1392671269000,0
1392671271000,0
1392671273000,0
1392671275000,10
1392671277000,0
1392671279000,0
1392671281000,0
1392671283000,0
1392671285000,8
1392671287000,0
1392671289000,0
1392671291000,0
1392671293000,0
1392671295000,14
1392671297000,0
1392671299000,0
1392671301000,0
1392671303000,0
1392671305000,12
1392671307000,0
1392671309000,0
1392671311000,0
1392671313000,0
1392671315000,12
1392671317000,1
1392671319000,0
1392671321000,0
1392671323000,0
1392671325000,12
1392671327000,0
1392671329000,0
1392671331000,0
1392671333000,0
1392671335000,12
1392671337000,1
1392671339000,0
1392671341000,6
1392671343000,0
1392671345000,53
1392671347000,0
1392671349000,0
1392671351000,0
1392671353000,0
1392671355000,12
1392671357000,1
1392671359000,1
1392671361000,0
1392671363000,0
1392671365000,11
1392671367000,0
1392671369000,0
1392671371000,0
1392671373000,0
1392671375000,12
1392671377000,1
1392671379000,0
1392671381000,1
1392671383000,0
1392671385000,11
1392671387000,0
1392671389000,0
1392671391000,0
1392671393000,0
1392671401000,46
1392671403000,0
1392671405000,0
1392671407000,0
1392671409000,0
1392671411000,10
1392671413000,0
1392671415000,0
1392671417000,0
1392671419000,1
1392671421000,13
1392671423000,0
1392671425000,0
1392671427000,0
1392671429000,0
1392671431000,12
1392671433000,0
1392671435000,0
1392671437000,0
1392671439000,1
1392671441000,12
1392671443000,0
1392671445000,0
1392671447000,0
1392671449000,0
1392671451000,8
1392671453000,0
1392671455000,0
1392671457000,0
1392671459000,0
1392671461000,14
1392671463000,1
1392671465000,0
1392671467000,0
1392671469000,0
1392671471000,12
1392671473000,0
1392671475000,0
1392671477000,0
1392671479000,1
1392671481000,8
1392671483000,1
1392671485000,0
1392671487000,0
1392671489000,0
1392671491000,12
1392671493000,0
1392671495000,1
1392671497000,0
1392671499000,0
1392671501000,11
1392671503000,1
1392671505000,0
1392671507000,0
1392671509000,0
1392671511000,12
1392671513000,0
1392671515000,0
1392671517000,0
1392671519000,0
1392671521000,13
1392671523000,0
1392671525000,0
1392671527000,0
1392671529000,0
1392671531000,14
1392671533000,0
1392671535000,0
1392671537000,0
1392671539000,0
1392671541000,12
1392671543000,0
1392671545000,0
1392671547000,0
1392671549000,0
1392671551000,12
1392671553000,0
1392671555000,0
1392671557000,0
1392671559000,0
1392671561000,11
1392671563000,0
1392671565000,1
1392671567000,0
1392671569000,0
1392671571000,16
1392671573000,0
1392671575000,0
1392671577000,0
1392671579000,0
1392671581000,12
1392671584000,0
1392671586000,1
1392671588000,1
1392671590000,1
1392671592000,12
1392671594000,0
1392671596000,0
1392671598000,0
1392671600000,0
1392671602000,17
1392671604000,0
1392671606000,0
1392671608000,0
1392671610000,2
1392671612000,13
1392671614000,1
1392671616000,0
1392671618000,0
1392671620000,0
1392671622000,12
1392671624000,0
1392671626000,0
1392671628000,0
1392671630000,1
1392671632000,15
1392671634000,0
1392671636000,0
1392671638000,0
1392671640000,0
1392671642000,13
1392671644000,0
1392671646000,0
1392671648000,0
1392671650000,0
1392671652000,12
1392671654000,0
1392671656000,0
1392671658000,0
1392671660000,0
1392671662000,8
1392671664000,0
1392671666000,0
1392671668000,0
1392671670000,0
1392671672000,13
1392671674000,1
1392671676000,0
1392671678000,0
1392671680000,0
1392671682000,8
1392671684000,0
1392671686000,0
1392671688000,0
1392671690000,0
1392671692000,12
1392671694000,1
1392671696000,0
1392671698000,0
1392671700000,1
1392671702000,10
1392671704000,0
1392671706000,0
1392671708000,0
1392671710000,0
1392671712000,12
1392671714000,1
1392671716000,0
1392671718000,0
1392671720000,0
1392671722000,10
1392671724000,0
1392671726000,0
1392671728000,0
1392671730000,0
1392671732000,13
1392671734000,1
1392671736000,0
1392671738000,0
1392671740000,0
1392671742000,12
1392671744000,2
1392671746000,0
1392671748000,0
1392671750000,0
1392671752000,12
1392671754000,0
1392671756000,0
1392671758000,0
1392671760000,1
1392671762000,11
1392671764000,0
1392671766000,0
1392671768000,0
1392671770000,0
1392671772000,10
1392671774000,0
1392671776000,1
1392671778000,1
1392671780000,0
1392671782000,12
1392671784000,0
1392671786000,0
1392671788000,0
1392671790000,0
1392671792000,12
1392671794000,0
1392671796000,0
1392671798000,1
1392671800000,0
1392671802000,10
1392671804000,0
1392671806000,0
1392671808000,0
1392671810000,0
1392671812000,13
1392671814000,0
1392671816000,0
1392671818000,0
1392671820000,1
1392671822000,13
1392671824000,0
1392671826000,0
1392671828000,0
1392671830000,1
1392671832000,10
1392671834000,0
1392671836000,0
1392671838000,0
1392671840000,0
1392671842000,12
1392671844000,0
1392671846000,0
1392671848000,0
1392671850000,0
1392671852000,11
1392671854000,0
1392671856000,0
1392671858000,0
1392671860000,1
1392671862000,13
1392671864000,0
1392671866000,0
1392671868000,0
1392671870000,0
1392671872000,12
1392671874000,0
1392671876000,0
1392671878000,0
1392671880000,5
1392671882000,8
1392671884000,0
1392671886000,0
1392671888000,0
1392671890000,0
1392671892000,12
1392671894000,0
1392671896000,0
1392671898000,0
1392671900000,0
1392671902000,11
1392671904000,0
1392671906000,0
1392671908000,0
1392671910000,0
1392671912000,12
1392671914000,0
1392671916000,0
1392671918000,0
1392671920000,0
1392671922000,12
1392671924000,0
1392671926000,0
1392671928000,0
1392671930000,0
1392671932000,13
1392671934000,0
1392671936000,0
1392671938000,0
1392671940000,1
1392671942000,13
1392671944000,1
1392671946000,1
1392671948000,0
1392671950000,0
1392671952000,13
1392671954000,0
1392671956000,0
1392671958000,0
1392671960000,0
1392671962000,12
1392671964000,0
1392671966000,1
1392671968000,2
1392671970000,0
1392671972000,12
1392671974000,0
1392671976000,0
1392671978000,0
1392671980000,0
1392671982000,8
1392671984000,0
1392671986000,1
1392671988000,1
1392671990000,0
1392671992000,13
1392671994000,0
1392671996000,0
1392671998000,0
1392672000000,0
1392672002000,12
1392672004000,0
1392672006000,0
1392672008000,0
1392672010000,0
1392672012000,12
1392672014000,0
1392672016000,0
1392672018000,0
1392672020000,0
1392672022000,12
1392672024000,0
1392672026000,0
1392672028000,0
1392672030000,0
1392672032000,11
1392672034000,0
1392672036000,0
1392672038000,0
1392672040000,0
1392672042000,10
1392672044000,0
1392672046000,0
1392672048000,0
1392672050000,1
1392672052000,13
1392672054000,0
1392672056000,0
1392672058000,0
1392672060000,0
1392672062000,25
1392672064000,0
1392672066000,0
1392672068000,0
1392672070000,0
1392672072000,13
1392672074000,0
1392672076000,0
1392672078000,0
1392672080000,0
1392672082000,13
1392672084000,0
1392672086000,0
1392672088000,1
1392672090000,0
1392672092000,13
1392672094000,2
1392672096000,2
1392672098000,3
1392672100000,0
1392672102000,12
1392672104000,0
1392672106000,0
1392672108000,0
1392672110000,0
1392672112000,12
1392672114000,1
1392672116000,0
1392672118000,0
1392672120000,1
1392672122000,8
1392672124000,0
1392672126000,0
1392672128000,0
1392672130000,0
1392672132000,13
1392672134000,1
1392672136000,1
1392672138000,0
1392672140000,0
1392672142000,12
1392672144000,0
1392672146000,0
1392672148000,0
1392672150000,1
1392672152000,10
1392672154000,0
1392672156000,1
1392672158000,1
1392672160000,0
1392672162000,12
1392672164000,0
1392672166000,0
1392672168000,0
1392672170000,0
1392672172000,13
1392672174000,0
1392672176000,1
1392672178000,0
1392672180000,2
1392672182000,11
1392672184000,0
1392672186000,0
1392672188000,0
1392672190000,0
1392672192000,11
1392672194000,0
1392672196000,0
1392672198000,0
1392672200000,0
1392672202000,9
1392672204000,0
1392672206000,0
1392672208000,0
1392672210000,0
1392672212000,12
1392672214000,0
1392672216000,0
1392672218000,0
1392672220000,0
1392672222000,9
1392672224000,0
1392672226000,0
1392672228000,0
1392672230000,0
1392672232000,10
1392672234000,0
1392672236000,0
1392672238000,0
1392672240000,2
1392672242000,8
1392672244000,0
1392672246000,0
1392672248000,0
1392672250000,0
1392672252000,9
1392672254000,0
1392672256000,0
1392672258000,0
1392672260000,1
1392672262000,14
1392672264000,0
1392672266000,0
1392672268000,0
1392672270000,0
1392672272000,9
1392672274000,0
1392672276000,0
1392672278000,0
1392672280000,0
1392672282000,13
1392672284000,1
1392672286000,0
1392672288000,0
1392672290000,0
1392672292000,12
1392672294000,0
1392672296000,0
1392672298000,0
1392672300000,1
1392672302000,13
1392672304000,1
1392672306000,0
1392672308000,0
1392672310000,0
1392672312000,11
1392672314000,0
1392672316000,0
1392672318000,0
1392672320000,0
1392672322000,22
1392672324000,0
1392672326000,1
1392672328000,0
1392672330000,0
1392672332000,12
1392672334000,0
1392672336000,0
1392672338000,0
1392672340000,0
1392672342000,11
1392672344000,0
1392672346000,0
1392672348000,0
1392672350000,0
1392672352000,12
1392672354000,0
1392672356000,0
1392672358000,0
1392672360000,0
1392672362000,10
1392672364000,1
1392672366000,1
1392672368000,0
1392672370000,0
1392672372000,12
1392672374000,0
1392672376000,0
1392672378000,0
1392672380000,0
1392672382000,12
1392672384000,1
1392672386000,1
1392672388000,0
1392672390000,0
1392672392000,12
1392672394000,0
1392672396000,0
1392672398000,0
1392672400000,0
1392672402000,12
1392672404000,0
1392672406000,0
1392672408000,0
1392672410000,1
1392672412000,12
1392672414000,1
1392672416000,0
1392672418000,0
1392672420000,0
1392672422000,12
1392672424000,0
1392672426000,0
1392672428000,0
1392672430000,2
1392672432000,13
1392672434000,0
1392672436000,0
1392672438000,0
1392672440000,0
1392672442000,12
1392672444000,0
1392672446000,0
1392672448000,0
1392672450000,1
1392672452000,12
1392672454000,0
1392672456000,0
1392672458000,0
1392672460000,0
1392672462000,14
1392672464000,0
1392672466000,0
1392672468000,0
1392672470000,1
1392672472000,16
1392672474000,0
1392672476000,0
1392672478000,0
1392672480000,0
1392672482000,12
1392672484000,0
1392672486000,0
1392672488000,0
1392672490000,0
1392672492000,13
1392672494000,0
1392672496000,0
1392672498000,0
1392672500000,0
1392672502000,12
1392672504000,0
1392672506000,0
1392672508000,0
1392672510000,1
1392672512000,9
1392672514000,1
1392672516000,0
1392672518000,0
1392672520000,0
1392672522000,12
1392672524000,0
1392672526000,0
1392672528000,0
1392672530000,1
1392672532000,13
1392672534000,0
1392672536000,1
1392672538000,0
1392672540000,0
1392672542000,12
1392672544000,0
1392672546000,0
1392672548000,0
1392672550000,0
1392672552000,12
1392672554000,0
1392672556000,1
1392672558000,0
1392672560000,0
1392672562000,12
1392672564000,0
1392672566000,0
1392672568000,0
1392672570000,0
1392672606000,86
1392672608000,11
1392672610000,0
1392672612000,2
1392672614000,1
1392672616000,14
1392672618000,1
1392672620000,14
1392672622000,4
1392672624000,2
1392672626000,16
1392672628000,8
1392672630000,1
1392672632000,0
1392672634000,1
1392672636000,9
1392672638000,2
1392672640000,2
1392672642000,0
1392672644000,0
1392672646000,51
1392672648000,1
1392672650000,1
1392672652000,0
1392672654000,1
1392672656000,10
1392672658000,1
1392672660000,3
1392672662000,1
1392672664000,1
1392672666000,9
1392672668000,1
1392672670000,1
1392672672000,1
1392672674000,1
1392672676000,9
1392672678000,1
1392672680000,2
1392672682000,2
1392672684000,1
1392672686000,6
1392672688000,0
1392672690000,1
1392672692000,1
1392672694000,1
1392672696000,10
1392672698000,3
1392672700000,2
1392672703000,1
1392672705000,1
1392672707000,9
1392672709000,0
1392672711000,1
1392672713000,1
1392672715000,1
1392672717000,15
1392672719000,1
1392672721000,3
1392672723000,2
1392672725000,2
1392672727000,9
1392672729000,1
1392672731000,0
1392672733000,4
1392672735000,2
1392672737000,9
1392672739000,1
1392672741000,1
1392672743000,1
1392672745000,0
1392672747000,9
1392672749000,2
1392672751000,1
1392672753000,1
1392672755000,1
1392672757000,9
1392672759000,1
1392672761000,1
1392672763000,1
1392672765000,2
1392672767000,9
1392672769000,1
1392672771000,0
1392672773000,1
1392672775000,1
1392672777000,9
1392672779000,2
1392672781000,1
1392672783000,1
1392672785000,1
1392672787000,10
1392672789000,1
1392672791000,0
1392672793000,1
1392672795000,0
1392672797000,9
1392672799000,1
1392672801000,1
1392672803000,2
1392672805000,1
1392672807000,9
1392672809000,2
1392672811000,1
1392672813000,1
1392672815000,1
1392672817000,9
1392672819000,1
1392672821000,1
1392672823000,1
1392672825000,1
1392672827000,10
1392672829000,1
1392672831000,1
1392672833000,1
1392672835000,1
1392672837000,5
1392672839000,1
1392672841000,2
1392672843000,1
1392672845000,1
1392672847000,3
1392672849000,1
1392672851000,2
1392672853000,1
1392672855000,2
1392672857000,9
1392672859000,1
1392672861000,1
1392672863000,1
1392672865000,1
1392672867000,9
1392672869000,1
1392672871000,1
1392672873000,0
1392672875000,1
1392672877000,9
1392672879000,2
1392672881000,1
1392672883000,1
1392672885000,2
1392672887000,10
1392672889000,1
1392672891000,1
1392672893000,1
1392672895000,1
1392672897000,7
1392672899000,1
1392672901000,1
1392672903000,1
1392672905000,0
1392672907000,9
1392672909000,0
1392672911000,3
1392672913000,1
1392672915000,1
1392672917000,9
1392672919000,1
1392672921000,1
1392672923000,1
1392672925000,1
1392672927000,10
1392672929000,1
1392672931000,1
1392672933000,1
1392672935000,1
1392672937000,9
1392672939000,1
1392672941000,1
1392672943000,0
1392672945000,1
1392672947000,9
1392672949000,1
1392672951000,1
1392672953000,1
1392672955000,1
1392672957000,13
1392672959000,2
1392672961000,2
1392672963000,1
1392672965000,1
1392672967000,6
1392672969000,1
1392672971000,1
1392672973000,1
1392672975000,0
1392672977000,9
1392672979000,1
1392672981000,1
1392672983000,1
1392672985000,2
1392672987000,9
1392672989000,1
1392672991000,1
1392672993000,1
1392672995000,1
1392672997000,8
1392672999000,2
1392673001000,7
1392673003000,12
1392673005000,22
1392673007000,17
1392673009000,6
1392673011000,11
1392673013000,7
1392673015000,7
1392673017000,10
1392673019000,5
1392673021000,6
1392673023000,1
1392673025000,5
1392673027000,17
1392673029000,5
1392673031000,3
1392673033000,13
1392673035000,19
1392673037000,9
1392673039000,5
1392673041000,2
1392673043000,8
1392673045000,2
1392673047000,11
1392673049000,6
1392673051000,24
1392673053000,5
1392673055000,3
1392673057000,39
1392673059000,9
1392673061000,8
1392673063000,12
1392673065000,7
1392673067000,13
1392673069000,3
1392673071000,2
1392673073000,3
1392673075000,4
1392673077000,9
1392673079000,2
1392673081000,2
1392673083000,1
1392673085000,3
1392673087000,14
1392673089000,1
1392673091000,3
1392673093000,4
1392673095000,2
1392673097000,21
1392673099000,6
1392673101000,4
1392673103000,11
1392673105000,11
1392673107000,18
1392673109000,0
1392673111000,0
1392673113000,1
1392673115000,1
1392673117000,5
1392673119000,1
1392673121000,0
1392673123000,0
1392673125000,0
1392673127000,5
1392673129000,22
1392673131000,37
1392673133000,26
1392673135000,17
1392673137000,27
1392673139000,23
1392673141000,22
1392673143000,9
1392673145000,14
1392673147000,32
1392673149000,54
1392673151000,31
1392673153000,17
1392673155000,12
1392673157000,44
1392673159000,24
1392673161000,100
1392673163000,77
1392673165000,58
1392673167000,64
1392673169000,71
1392673171000,74
1392673173000,31
1392673175000,19
1392673177000,27
1392673179000,22
1392673181000,9
1392673183000,19
1392673185000,18
1392673187000,22
1392673189000,12
1392673191000,17
1392673193000,24
1392673195000,14
1392673197000,33
1392673199000,23
1392673201000,20
1392673203000,25
1392673205000,23
