1392826837720,94.0
1392826874850,108.3125
1392827011040,114.117647059
1392827050910,112.176470588
1392827092190,118.722222222
1392827131250,108.117647059
1392827172340,73.0
1392827212680,145.470588235
1392827252150,90.8823529412
1392827291840,96.6470588235
1392827442480,108.9375
1392827471300,103.333333333
1392827625620,118.0
1392827664070,104.823529412
1392975593230,105.960416667
1392976815360,108.572778828
1392978037410,108.958015267
1392979259130,97.6628571429
1392980481540,101.220754717
1392981702850,105.083175803
1392982923840,103.307539683
1392994525140,106.93236715
1392995744730,106.685154976
1392996963270,107.95269168
1392998185640,105.384991843
1392999403730,109.176182708
