1393400967970,50.0
1393402195580,50.0
1393403420460,50.0
1393404645600,50.0
1393405870820,50.0
1393407095620,50.0
1393409446050,50.0
1393409533670,50.0
1393409625980,50.0
1393409829210,50.0
1393409914430,50.0
1393409997880,50.0
1393414466550,50.0
1393414551480,50.0
1393414635660,50.0
1393414719740,50.0
1393414804220,50.0
1393414888050,50.0
1393414972230,50.0
1393415056210,50.0
1393415141540,50.0
1393415226060,50.0
1393415310250,50.0
1393415394330,50.0
1393415478420,50.0
1393415562610,50.0
1393415646750,50.0
1393415730930,50.0
1393415817710,50.0
1393415901740,50.0
1393415985620,50.0
1393416070080,50.0
1393416155670,50.0
1393416239930,50.0
1393416323990,50.0
1393416420890,50.0
1393416504850,50.0
1393416589120,50.0
1393416673330,50.0
1393416757610,50.0
1393416841250,50.0
1393416925450,50.0
1393417009450,50.0
1393417093370,50.0
1393417177060,50.0
1393417261170,50.0
1393417345230,50.0
1393417429590,50.0
1393417513710,50.0
1393417597830,50.0
1393417681590,50.0
1393417765320,50.0
1393417849080,50.0
1393417933500,50.0
1393418018690,50.0
1393418105500,50.0
1393418189030,50.0
1393418273240,50.0
1393418357090,50.0
1393418441210,50.0
1393418524920,50.0
1393418608970,50.0
1393418692890,50.0
1393418776720,50.0
1393418860430,50.0
1393418944520,50.0
1393419028930,50.0
1393419113510,50.0
1393419197870,50.0
1393419281840,50.0
1393419366240,50.0
1393419450440,50.0
1393419534490,50.0
1393419618950,50.0
1393419703310,50.0
1393419787930,50.0
1393419871720,50.0
1393419956070,50.0
1393420039970,50.0
1393420123900,50.0
1393420207780,50.0
1393420291650,50.0
1393420375480,50.0
1393420462540,50.0
1393420546310,50.0
1393420630380,50.0
1393420714270,50.0
1393420798270,50.0
1393420882040,50.0
1393420965850,50.0
1393421049810,50.0
1393421133340,50.0
1393421217130,50.0
1393421300820,50.0
1393421384690,50.0
1393421468940,50.0
1393421553360,50.0
1393421637340,50.0
1393421724720,50.0
1393421808710,50.0
1393421892750,50.0
1393421976780,50.0
1393422061150,50.0
1393422145080,50.0
1393422229130,50.0
1393422313390,50.0
1393422397270,50.0
1393422481660,50.0
1393422565700,50.0
1393422649480,50.0
1393422733410,50.0
1393422816990,50.0
1393422902030,50.0
1393422985980,50.0
1393423070040,50.0
1393423154280,50.0
1393423238570,50.0
1393423322470,50.0
1393423406440,50.0
1393423490870,50.0
1393423577060,50.0
1393423661220,50.0
1393423746940,50.0
1393423835250,50.0
1393423919420,50.0
1393424003710,50.0
1393424087610,50.0
1393424171560,50.0
1393424255510,50.0
1393424339400,50.0
1393424423050,50.0
1393424507070,50.0
1393424591120,50.0
1393424675030,50.0
1393424759110,50.0
1393424842940,50.0
1393424927020,50.0
1393425011140,50.0
1393425095160,50.0
1393425179340,50.0
1393425263040,50.0
1393425347650,50.0
1393425431840,50.0
1393425515770,50.0
1393425599760,50.0
1393425683930,50.0
1393425768040,50.0
1393425852500,50.0
1393425936480,50.0
1393426020240,50.0
1393426104540,50.0
1393426188710,50.0
1393426272750,50.0
1393426357240,50.0
1393426441680,50.0
1393426525540,50.0
1393426609980,50.0
1393426694960,50.0
1393426778900,50.0
1393426863310,50.0
1393426946990,50.0
1393427030870,50.0
1393427114950,50.0
1393427198730,50.0
1393427282990,50.0
1393427368100,50.0
1393427452430,50.0
1393427542610,50.0
1393427626440,50.0
1393427710450,50.0
1393427795640,50.0
1393427880200,50.0
1393427964300,50.0
1393428048230,50.0
1393428132120,50.0
1393428216030,50.0
1393428299870,50.0
1393428384430,50.0
1393428468410,50.0
1393428552630,50.0
1393428636250,50.0
1393428721950,50.0
1393428805950,50.0
1393428889970,50.0
1393428973820,50.0
1393429058440,50.0
1393429142790,50.0
1393429226680,50.0
1393429310710,50.0
1393429394870,50.0
1393429478940,50.0
1393429563010,50.0
1393429652850,50.0
1393429736770,50.0
1393429820750,50.0
1393429904730,50.0
1393430002910,50.0
1393430087120,50.0
1393430174600,50.0
1393430287340,50.0
1393430375330,50.0
1393430466250,50.0
1393430549990,50.0
1393430634200,50.0
1393430718340,50.0
1393430802680,50.0
1393430886630,50.0
1393430970760,50.0
1393431055090,50.0
1393431138850,50.0
1393431223500,50.0
1393431315720,50.0
1393431400870,50.0
1393431484960,50.0
1393431568760,50.0
1393431652920,50.0
1393431736750,50.0
1393431821020,50.0
1393431904850,50.0
1393431988860,50.0
1393432072590,50.0
1393432156570,50.0
1393432240570,50.0
1393432324410,50.0
1393432408260,50.0
1393432492300,50.0
1393432576230,50.0
1393432660300,50.0
1393432744220,50.0
1393432828090,50.0
1393432911730,50.0
1393432995680,50.0
1393433079550,50.0
1393433163530,50.0
1393433247320,50.0
1393433331230,50.0
1393433415200,50.0
1393433499070,50.0
1393433583150,50.0
1393433667150,50.0
1393433751330,50.0
1393433835130,50.0
1393433919060,50.0
1393434002850,50.0
1393434086760,50.0
1393434170760,50.0
1393434254650,50.0
1393434338890,50.0
1393434422830,50.0
1393434506430,50.0
1393434590150,50.0
1393434673860,50.0
1393434757960,50.0
1393434841840,50.0
1393434925610,50.0
1393435009450,50.0
1393435093230,50.0
1393435177200,50.0
1393435266840,50.0
1393435350820,50.0
1393435434520,50.0
1393435518440,50.0
1393435602540,50.0
1393435686260,50.0
1393435769850,50.0
1393435854380,50.0
1393435938520,50.0
1393436022700,50.0
1393436106610,50.0
1393436190490,50.0
1393436274240,50.0
1393436358110,50.0
1393436441800,50.0
1393436525840,50.0
1393436609690,50.0
1393436693730,50.0
1393436777560,50.0
1393436861840,50.0
1393436945620,50.0
1393437029700,50.0
1393437113360,50.0
1393437197130,50.0
1393437281250,50.0
1393437365410,50.0
1393437449100,50.0
1393437534260,50.0
1393437618280,50.0
1393437702270,50.0
1393437786430,50.0
1393437870290,50.0
1393437954250,50.0
1393438038020,50.0
1393438121930,50.0
1393438205760,50.0
1393438289630,50.0
1393438373560,50.0
1393438457280,50.0
1393438541230,50.0
1393438625100,50.0
1393438708850,50.0
1393438792930,50.0
1393438876910,50.0
1393438963450,50.0
1393439047310,50.0
1393439130910,50.0
1393439214770,50.0
1393439298760,50.0
1393439382790,50.0
1393439466850,50.0
1393439551190,50.0
1393439634930,50.0
1393439718710,50.0
1393439802690,50.0
1393439886680,50.0
1393439970950,50.0
1393440055060,50.0
1393440138870,50.0
1393440222890,50.0
1393440306820,50.0
1393440390760,50.0
1393440474500,50.0
1393440558520,50.0
1393440642480,50.0
1393440726190,50.0
1393440809740,50.0
1393440893740,50.0
1393440977920,50.0
1393441061850,50.0
1393441145820,50.0
1393441229620,50.0
1393441313490,50.0
1393441397610,50.0
1393441481280,50.0
1393441565200,50.0
1393441649290,50.0
1393441733080,50.0
1393441816800,50.0
1393441900870,50.0
1393441984960,50.0
1393442069110,50.0
1393442152840,50.0
1393442237260,50.0
1393442321410,50.0
1393442405430,50.0
1393442488850,50.0
1393442572840,50.0
1393442656740,50.0
1393442740690,50.0
1393442824320,50.0
1393442908350,50.0
1393442992270,50.0
1393443076450,50.0
1393443160140,50.0
1393443244210,50.0
1393443328160,50.0
1393443412030,50.0
1393443495820,50.0
1393443579880,50.0
1393443663830,50.0
1393443747870,50.0
1393443832510,50.0
1393443916670,50.0
1393444001040,50.0
1393444084860,50.0
1393444168580,50.0
1393444252620,50.0
1393444336710,50.0
1393444420540,50.0
1393444504530,50.0
1393444588540,50.0
1393444672240,50.0
1393444755860,50.0
1393444839640,50.0
1393444923540,50.0
1393445007640,50.0
1393445091600,50.0
1393445175550,50.0
1393445259710,50.0
1393445343740,50.0
1393445427540,50.0
1393445511440,50.0
1393445595390,50.0
1393445679330,50.0
1393445763220,50.0
1393445846810,50.0
1393445930920,50.0
1393446014690,50.0
1393446098790,50.0
1393446182840,50.0
1393446266670,50.0
1393446350620,50.0
1393446434310,50.0
1393446518370,50.0
1393446602190,50.0
1393446686230,50.0
1393446770080,50.0
1393446854040,50.0
1393446938020,50.0
1393447022290,50.0
1393447106510,50.0
1393447190120,50.0
1393447274070,50.0
1393447358020,50.0
1393447442010,50.0
1393447525720,50.0
1393447609570,50.0
1393447693510,50.0
1393447777520,50.0
1393447861480,50.0
1393447945350,50.0
1393448029220,50.0
1393448113370,50.0
1393448197340,50.0
1393448281120,50.0
1393448364740,50.0
1393448448990,50.0
1393448532840,50.0
1393448616820,50.0
1393448700580,50.0
1393448784410,50.0
1393448867890,50.0
1393448951750,50.0
1393449035720,50.0
1393449119660,50.0
1393449203350,50.0
1393449287420,50.0
1393449371350,50.0
1393449455250,50.0
1393449544050,50.0
1393449627840,50.0
1393449711920,50.0
1393449795620,50.0
1393449879580,50.0
1393449963460,50.0
1393450047230,50.0
1393450131180,50.0
1393450215110,50.0
1393450299050,50.0
1393450382820,50.0
1393450466890,50.0
1393450550740,50.0
1393450634790,50.0
1393450732040,50.0
1393450815820,50.0
1393450899520,50.0
1393450983590,50.0
1393451067480,50.0
1393451151530,50.0
1393451235610,50.0
1393451319420,50.0
1393451403640,50.0
1393451487860,50.0
1393451571720,50.0
1393451655650,50.0
1393451739750,50.0
1393451823620,50.0
1393451907280,50.0
1393451991240,50.0
1393452075140,50.0
1393452159190,50.0
1393452242850,50.0
1393452326990,50.0
1393452411990,50.0
1393452502780,50.0
1393452586490,50.0
1393452674100,50.0
1393452779070,50.0
1393452881890,50.0
1393452966010,50.0
1393453074260,50.0
1393453180040,50.0
1393453263980,50.0
1393453347900,50.0
1393453436150,50.0
1393453537920,50.0
1393453621750,50.0
1393453706030,50.0
1393453796430,50.0
1393453885020,50.0
1393453968690,50.0
1393454054940,50.0
1393454142880,50.0
1393454227280,50.0
1393454310890,50.0
1393454396170,50.0
1393454496590,50.0
1393454580920,50.0
1393454664780,50.0
1393454771070,50.0
1393454856040,50.0
1393454939650,50.0
1393455023950,50.0
1393455137610,50.0
1393455223380,50.0
1393455307590,50.0
1393455392020,50.0
1393455477320,50.0
1393455561860,50.0
1393455645660,50.0
1393455731930,50.0
1393455834450,50.0
1393455921970,50.0
1393456112040,50.0
1393456233000,50.0
1393456333770,50.0
1393456449520,50.0
1393456536280,50.0
1393456687470,50.0
1393456775610,50.0
1393456922410,50.0
1393457009500,50.0
1393457161000,50.0
1393457246500,50.0
1393457333550,50.0
1393457418880,50.0
1393457503720,50.0
1393457587560,50.0
1393457672210,50.0
1393457757520,50.0
1393457841750,50.0
1393457925560,50.0
1393458010420,50.0
1393458109630,50.0
1393458193450,50.0
1393458277130,50.0
1393458362270,50.0
1393458447180,50.0
1393458531170,50.0
1393458615760,50.0
1393458701210,50.0
1393458785610,50.0
1393458869350,50.0
1393458953910,50.0
1393459039640,50.0
1393459124000,50.0
1393459208030,50.0
1393459292650,50.0
1393459377920,50.0
1393459462100,50.0
1393459546040,50.0
1393459630980,50.0
1393459716390,50.0
1393459802250,50.0
1393459886750,50.0
1393459971900,50.0
1393460057020,50.0
1393460144200,50.0
1393460228600,50.0
1393460313770,50.0
1393460398230,50.0
1393460482010,50.0
1393460566840,50.0
1393460651950,50.0
1393460736250,50.0
1393460820340,50.0
1393460905320,50.0
1393460990270,50.0
1393461074280,50.0
1393461158360,50.0
1393461243460,50.0
1393461328130,50.0
1393461412420,50.0
1393461496780,50.0
1393461581640,50.0
1393461665580,50.0
1393461749650,50.0
1393461834320,50.0
1393461918370,50.0
1393462002290,50.0
1393462086310,50.0
1393462170760,50.0
1393462254720,50.0
1393462338570,50.0
1393462422710,50.0
1393462507400,50.0
1393462591970,50.0
1393462675670,50.0
1393462760300,50.0
1393462874850,50.0
1393462959580,50.0
1393463043450,50.0
1393463128160,50.0
1393463213280,50.0
1393463297590,50.0
1393463381630,50.0
1393463467170,50.0
1393463553000,50.0
1393463637490,50.0
1393463721690,50.0
1393463806790,50.0
1393463891460,50.0
1393463975560,50.0
1393464060180,50.0
1393464144980,50.0
1393464229400,50.0
1393464313510,50.0
1393464401050,50.0
1393464485650,50.0
1393464569620,50.0
1393464653530,50.0
1393464737440,50.0
1393464822090,50.0
1393464905900,50.0
1393464989830,50.0
1393465073770,50.0
1393465157950,50.0
1393465242520,50.0
1393465326540,50.0
1393465410430,50.0
1393465494230,50.0
1393465578070,50.0
1393465661890,50.0
1393465745840,50.0
1393465829720,50.0
1393465913550,50.0
1393465997620,50.0
1393466081370,50.0
1393466165370,50.0
1393466249190,50.0
1393466333370,50.0
1393466416990,50.0
1393466500840,50.0
1393466584800,50.0
1393466669250,50.0
1393466753230,50.0
1393466837330,50.0
1393466921450,50.0
1393467005920,50.0
1393467089880,50.0
1393467173770,50.0
1393467257580,50.0
1393467341450,50.0
1393467425730,50.0
1393467509350,50.0
1393467593240,50.0
1393467677190,50.0
1393467761220,50.0
1393467845170,50.0
1393467929160,50.0
1393468013240,50.0
1393468096750,50.0
1393468181020,50.0
1393468265850,50.0
1393468350070,50.0
1393468433920,50.0
1393468517860,50.0
1393468602280,50.0
1393468686530,50.0
1393468770340,50.0
1393468856400,50.0
1393468940350,50.0
1393469024300,50.0
1393469108320,50.0
1393469192560,50.0
1393469276760,50.0
1393469360740,50.0
1393469444570,50.0
1393469528560,50.0
1393469612330,50.0
1393469696270,50.0
1393469779780,50.0
1393469863640,50.0
1393469947330,50.0
1393470031120,50.0
1393470115740,50.0
1393470200350,50.0
1393470284430,50.0
1393470368650,50.0
1393470452700,50.0
1393470537090,50.0
1393470620800,50.0
1393470704700,50.0
1393470789160,50.0
1393470873060,50.0
1393470963750,50.0
1393471047800,50.0
1393471131570,50.0
1393471215810,50.0
1393471299720,50.0
1393471383520,50.0
1393471467240,50.0
1393471551210,50.0
1393471635210,50.0
1393471719180,50.0
1393471802790,50.0
1393471886710,50.0
1393471971010,50.0
1393472055850,50.0
1393472140200,50.0
1393472224550,50.0
1393472308680,50.0
1393472392450,50.0
1393472476420,50.0
1393472560670,50.0
1393472662950,50.0
1393472746850,50.0
1393472830640,50.0
1393472914570,50.0
1393472998520,50.0
1393473082810,50.0
1393473166430,50.0
1393473250330,50.0
1393473334130,50.0
1393473417910,50.0
1393473501570,50.0
1393473585720,50.0
1393473670730,50.0
1393473754850,50.0
1393473838580,50.0
1393473922660,50.0
1393474006600,50.0
1393474090330,50.0
1393474174150,50.0
1393474259700,50.0
1393474343820,50.0
1393474427990,50.0
1393474511870,50.0
1393474595740,50.0
1393474679750,50.0
1393474763750,50.0
1393474847540,50.0
1393474931450,50.0
1393475015310,50.0
1393475098990,50.0
1393475182390,50.0
1393475266480,50.0
1393475350560,50.0
1393475434550,50.0
1393475519040,50.0
1393475603600,50.0
1393475687480,50.0
1393475771190,50.0
1393475855280,50.0
1393475939030,50.0
1393476022870,50.0
1393476106730,50.0
1393476190630,50.0
1393476274680,50.0
1393476358950,50.0
1393476443000,50.0
1393476527140,50.0
1393476611190,50.0
1393476694960,50.0
1393476778760,50.0
1393476862860,50.0
1393476946820,50.0
1393477030940,50.0
1393477115310,50.0
1393477199240,50.0
1393477283240,50.0
1393477367390,50.0
1393477451930,50.0
1393477536340,50.0
1393477620250,50.0
1393477704570,50.0
1393477789370,50.0
1393477873600,50.0
1393477958160,50.0
1393478043100,50.0
1393478128210,50.0
1393478211690,50.0
1393478313130,50.0
1393478398230,50.0
1393478482930,50.0
1393478566570,50.0
1393478650960,50.0
1393478736140,50.0
1393478820960,50.0
1393478904700,50.0
1393478989130,50.0
1393479074730,50.0
1393479158820,50.0
1393479243040,50.0
1393479328010,50.0
1393479413150,50.0
1393479497110,50.0
1393479581220,50.0
1393479667170,50.0
1393479752240,50.0
1393479836290,50.0
1393479934520,50.0
1393480019750,50.0
1393480104310,50.0
1393480188040,50.0
1393480273980,50.0
1393480359260,50.0
1393480444570,50.0
1393480528490,50.0
1393480613710,50.0
1393480715630,50.0
1393480799450,50.0
1393480883300,50.0
1393480968370,50.0
1393481067810,50.0
1393481152030,50.0
1393481236220,50.0
1393481321810,50.0
1393481406550,50.0
1393481490420,50.0
1393481574800,50.0
1393481659750,50.0
1393481744280,50.0
1393481827940,50.0
1393481941330,50.0
1393482026480,50.0
1393482111460,50.0
1393482195290,50.0
1393482280720,50.0
1393482365700,50.0
1393482449470,50.0
1393482536640,50.0
1393482639550,50.0
1393482727530,50.0
1393482812040,50.0
1393482899940,50.0
1393482987410,50.0
1393483071680,50.0
1393483155630,50.0
1393483241840,50.0
1393483355840,50.0
1393483439740,50.0
1393483538090,50.0
1393483636050,50.0
1393483721340,50.0
1393483807030,50.0
1393483893240,50.0
1393484002040,50.0
1393484102420,50.0
1393484186420,50.0
1393484270360,50.0
1393484356340,50.0
1393484446870,50.0
1393484534020,50.0
1393484621660,50.0
1393484705460,50.0
1393484789300,50.0
1393484873550,50.0
1393484958240,50.0
1393485042240,50.0
1393485125940,50.0
1393485209530,50.0
1393485293670,50.0
1393485383710,50.0
1393485467600,50.0
1393485551120,50.0
1393485635080,50.0
1393485719260,50.0
1393485803490,50.0
1393486056460,50.0
1393486295920,50.0
1393486379260,50.0
1393486462320,50.0
1393486545670,50.0
1393486628660,50.0
1393486711680,50.0
1393486794730,50.0
1393486877830,50.0
1393487090810,50.0
1393487151180,50.0
1393487211210,50.0
1393487271200,50.0
1393487331450,50.0
1393487391560,50.0
1393487451800,50.0
1393487512190,50.0
1393487572530,50.0
1393487632920,50.0
1393487693040,50.0
1393487754220,50.0
1393487814200,50.0
1393487874280,50.0
1393487934590,50.0
1393487994850,50.0
1393488054910,50.0
1393488115270,50.0
1393488175730,50.0
1393488235760,50.0
1393488295980,50.0
1393488356480,50.0
1393488416680,50.0
1393488477140,50.0
1393488537860,50.0
1393488599110,50.0
1393488659870,50.0
1393488720050,50.0
1393488780490,50.0
1393488840800,50.0
1393488901630,50.0
1393488961270,50.0
1393489021590,50.0
1393489082080,50.0
1393489142440,50.0
1393489203510,50.0
1393489264370,50.0
1393489324990,50.0
1393489386030,50.0
1393489446920,50.0
1393489507490,50.0
1393489568170,50.0
1393489629210,50.0
1393489690450,50.0
1393489751990,50.0
1393489812730,50.0
1393489873500,50.0
1393489934060,50.0
1393489994280,49.503267924
1393490054670,50.0
1393490114730,50.0
1393490175450,50.0
1393490236060,50.0
1393490296850,50.0
1393490357600,50.0
1393490418260,50.0
1393490479270,50.0
1393490539840,50.0
1393490600350,50.0
1393490661000,50.0
1393490721300,50.0
1393490780390,50.0
1393490841400,50.0
1393490901650,50.0
1393490962360,50.0
1393491023540,50.0
1393491084570,50.0
1393491144950,50.0
1393491205270,50.0
1393491266050,50.0
1393491326290,50.0
1393491386690,50.0
1393491447270,50.0
1393491507950,50.0
1393491568200,50.0
1393491628900,50.0
1393509202400,50.0
1393509262240,50.0
1393509322250,50.0
1393509382650,50.0
1393509442380,50.0
1393509503450,50.0
1393509562890,50.0
1393509623750,50.0
1393509683350,50.0
1393509744360,50.0
1393509803910,50.0
1393509864640,50.0
1393509924270,50.0
1393509984160,50.0
1393510044270,50.0
1393510105170,50.0
1393510165290,50.0
1393510224680,50.0
1393510285650,50.0
1393510406320,50.0
1393510467570,50.0
1393510526650,50.0
1393510587520,50.0
1393510646630,50.0
1393510708430,50.0
1393510769870,50.0
1393510830300,50.0
1393510890220,50.0
1393510949650,50.0
1393511009560,50.0
1393511069720,50.0
1393511130870,50.0
1393511189960,50.0
1393511251270,50.0
1393511310950,50.0
1393511370860,50.0
1393511430950,50.0
1393512173210,50.0
1393512232640,50.0
1393512292900,50.0
1393512352650,50.0
1393512412760,50.0
1393512472850,50.0
1393512532540,50.0
1393512593520,50.0
1393512653710,50.0
1393512715130,50.0
1393512774380,50.0
1393512834750,50.0
1393512894670,50.0
1393512954540,50.0
1393513015440,50.0
1393513074840,50.0
1393513135450,50.0
1393513194640,50.0
1393513254830,50.0
1393513316140,50.0
1393513376080,50.0
1393513435480,50.0
1393513496340,50.0
1393513555420,50.0
1393513676980,50.0
1393513736970,50.0
1393513797180,50.0
1393513857850,50.0
1393513981070,50.0
1393514041200,50.0
