1392671751502,779.325526646
1392671864064,779.662763323
1392671899430,779.674392174
1392671934334,778.746087436
1392671971987,779.023176522
1392672009871,780.0
1392672044539,778.377485604
1392672079132,779.674392174
1392672113963,780.0
1392673094929,779.460355486
1392673131563,780.0
1392673164842,778.957927835
1392673198023,780.0
1392673231171,779.478963918
1392673264329,778.436891753
1392673297724,780.0
1392673330904,780.0
1392673364233,779.028701256
1392673397822,778.957927835
1393353982442,774.011060442
1393360103739,779.131960097
1393361311562,779.154719662
1393362518775,779.022049485
1393363727154,779.022830215
1393364933504,779.087312818
1393366140876,779.150815728
1393367348875,779.560779561
1393368575396,779.492245356
1393369781993,779.23695168
1393370989122,779.281703247
1393372195615,777.997881738
1393373403642,778.916275111
1393374610382,778.110056405
1393375817637,778.269199701
1393377024018,778.878091788
1393378235905,779.033296189
1393379443082,778.974570476
1393380650747,778.56364029
1393381857750,778.834426444
1393383064270,778.763667041
1393384270923,778.419297721
1393385478485,778.939629852
1393386685624,778.653653874
1393387892573,778.787709389
1393389098678,778.341400848
1393390305898,778.984851296
1393391512963,778.925651872
1393392722088,778.244527999
1393393929165,778.790477709
1393395136181,778.584700953
1393396342934,778.653444882
1393397550310,778.316376225
1393398757474,778.516888497
1393399964249,778.301712355
1393401171087,778.563363642
1393402378058,778.522676993
1393403584601,777.542227758
1393404791770,778.448994182
1393405998504,778.837178297
1393407205101,778.545621926
1393408412242,778.553364879
1393409619113,779.119840387
1393410825861,778.754472186
1393412032736,778.713223828
1393413239736,778.876825148
1393414446587,778.259032508
1393415653418,778.421285669
1393416860175,778.630516964
1393418066209,779.225300585
1393419273175,779.058432091
1393420479921,779.185837212
1393528999295,779.475409614
1393529019740,780.0
1393529068069,779.160552979
1393529087595,773.143194901
1393529108233,767.081655402
1393604262301,780.0
1393604594280,780.0
1393604614226,780.0
1393604653645,780.0
1393605805550,779.160552979
1393607571850,779.115298888
1393621706494,777.037458147
1393622257237,776.420800781
1393623479133,776.358433106
1393624679257,777.410946319
1393858232142,778.80024119
1393865410080,776.647332269
1393866341533,779.064161146
1393875762371,778.740829468
1393877402908,778.626359419
1393877565622,777.831398354
1393877685740,779.075132628
1393877805777,778.774861104
1393877925873,779.20366112
1393878045891,778.164170274
1393878165960,779.331635346
1393878285954,778.69354466
1393945752315,779.727746912
1393945872297,779.480460031
1393950235343,780.0
1393955487896,778.446200901
1393956035126,780.0
1393956055586,773.938460501
1393956871468,779.160552979
1393957916774,779.160552979
1393958548461,780.0
1393958608930,778.527979801
1393959851393,779.160552979
1393959871855,779.204734401
1393959891244,778.409468801
1393959911692,780.0
1393959931070,780.0
1393959951514,779.204734401
1393959971975,780.0
1393959991347,779.204734401
1393960011812,778.409468801
1393960031192,780.0
1393960051625,779.204734401
1393960072076,780.0
1393960091466,779.204734401
1393960111933,780.0
1393960131308,773.143194901
1393960151747,778.409468801
1393960171122,779.204734401
1393960191599,778.527979801
1393960212044,777.733501234
1393960231412,780.0
1393960251877,779.204734401
1393960271263,779.204734401
1393960291715,780.0
1393960312160,779.204734401
1393960331537,780.0
1393960351987,779.204734401
1393960371365,780.0
1395079512172,0.0014655892843
1395079989684,0.000323441473302
1395080049348,-0.000331206847477
1395080109193,0.000239513665006
1395080170272,0.000206491517118
1395080229377,9.9225488322e-06
1395080289683,0.000160896765407
1395082307321,-0.000711685584974
1395082367005,0.000971575068252
1395082426842,0.000392223718474
1395082487903,0.000574609458433
1395082546935,0.000494736662685
1395082607267,0.000792016034239
1395082667775,0.000939651434166
