1393360103739,50.0
1393360103739,0.0
1393361311562,50.0
1393361311562,0.0
1393362518775,0.0
1393362518775,50.0
1393363727154,0.0
1393363727154,50.0
1393364933504,0.0
1393364933504,50.0
1393366140876,0.0
1393366140876,49.9929307579
1393367348875,0.0
1393367348875,50.0
1393368575396,49.997106917
1393368575396,0.0
1393369781993,0.0
1393369781993,50.0
1393370989122,50.0
1393370989122,0.0
1393372195615,50.0
1393372195615,0.0
1393373403642,50.0
1393373403642,0.0
1393374610382,50.0
1393374610382,0.0
1393375817637,0.0
1393375817637,50.0
1393377024018,0.0
1393377024018,50.0
1393378235905,49.997094861
1393378235905,0.0
1393379443082,0.0
1393379443082,50.0
1393380650747,50.0
1393380650747,0.0
1393381857750,0.0
1393381857750,49.9929038275
1393383064270,0.0
1393383064270,49.9970848324
1393384270923,49.9970848324
1393384270923,0.0
1393385478485,0.0
1393385478485,50.0
1393386685624,50.0
1393386685624,0.0
1393387892573,50.0
1393387892573,0.0
1393389098678,50.0
1393389098678,0.0
1393390305898,0.0
1393390305898,50.0
1393391512963,50.0
1393391512963,0.0
1393392722088,0.0
1393392722088,50.0
1393393929165,50.0
1393393929165,0.0
1393395136181,0.0
1393395136181,50.0
1393396342934,50.0
1393396342934,0.0
1393397550310,50.0
1393397550310,0.0
1393398757474,0.0
1393398757474,50.0
1393399964249,0.0
1393399964249,50.0
1393401171087,50.0
1393401171087,0.0
1393402378058,50.0
1393402378058,0.0
1393403584601,50.0
1393403584601,0.0
1393404791770,0.0
1393404791770,50.0
1393405998504,50.0
1393405998504,0.0
1393407205101,50.0
1393407205101,0.0
1393408412242,0.0
1393408412242,49.9971058862
1393409619113,50.0
1393409619113,0.0
1393410825861,0.0
1393410825861,49.9929307579
1393412032736,50.0
1393412032736,0.0
1393413239736,50.0
1393413239736,0.0
1393414446587,50.0
1393414446587,0.0
1393415653418,50.0
1393415653418,0.0
1393416860175,50.0
1393416860175,0.0
1393418066209,50.0
1393418066209,0.0
1393419273175,0.0
1393419273175,50.0
1393420479921,0.0
1393420479921,50.0
1393528999295,50.0
1393529019740,50.0
1393529068069,50.0
1393529087595,50.0
1393529108233,50.0
1393604594280,50.0
1393604653645,50.0
1393605805550,50.0
1393607571850,50.0
1393621706494,50.0
1393622257237,50.0
1393623479133,50.0
1393624679257,50.0
1393858232142,50.0
1393865410080,50.0
1393866341533,50.0
1393875762371,50.0
1393877402908,50.0
1393877414339,50.0
1393877565622,50.0
1393877685740,50.0
1393877805777,50.0
1393877925873,50.0
1393878045891,50.0
1393878165960,50.0
1393878285954,50.0
1393945752315,50.0
1393945872297,49.9334733827
1393950235343,50.0
1393955487896,50.0
1393956035126,50.0
1393956055586,50.0
1393956871468,50.0
1393957916774,50.0
1393958548461,50.0
1393958608930,50.0
1393959851393,50.0
1393959871855,50.0
1393959891244,50.0
1393959911692,50.0
1393959931070,50.0
1393959951514,50.0
1393959971975,50.0
1393959991347,50.0
1393960011812,50.0
1393960031192,50.0
1393960051625,50.0
1393960072076,50.0
1393960091466,50.0
1393960111933,50.0
1393960131308,50.0
1393960151747,50.0
1393960171122,50.0
1393960191599,50.0
1393960212044,50.0
1393960231412,50.0
1393960251877,50.0
1393960271263,50.0
1393960291715,50.0
1393960312160,50.0
1393960331537,50.0
1393960351987,50.0
1393960371365,50.0
1395079512172,0.0
1395079989684,0.0
1395080049348,0.0
1395080109193,0.0
1395080170272,0.0
1395080229377,0.0
1395080289683,0.0
1395082307321,0.0
1395082367005,0.0
1395082426842,0.0
1395082487903,0.0
1395082546935,0.0
1395082607267,0.0
1395082667775,0.0
