1393400967970,-779.910329823
1393402195580,-780.0
1393403420460,-780.0
1393404645600,-780.0
1393405870820,-780.0
1393407095620,-780.0
1393409446050,-780.0
1393409533670,-780.0
1393409625980,-780.0
1393409829210,-780.0
1393409914430,-780.0
1393409997880,-780.0
1393414466550,-780.0
1393414551480,-780.0
1393414635660,-779.60655721
1393414719740,-780.0
1393414804220,-780.0
1393414888050,-780.0
1393414972230,-780.0
1393415056210,-780.0
1393415141540,-780.0
1393415226060,-780.0
1393415310250,-780.0
1393415394330,-780.0
1393415478420,-780.0
1393415562610,-779.60655721
1393415646750,-780.0
1393415730930,-780.0
1393415817710,-780.0
1393415901740,-780.0
1393415985620,-780.0
1393416070080,-780.0
1393416155670,-780.0
1393416239930,-780.0
1393416323990,-780.0
1393416420890,-780.0
1393416504850,-780.0
1393416589120,-780.0
1393416673330,-780.0
1393416757610,-780.0
1393416841250,-780.0
1393416925450,-780.0
1393417009450,-780.0
1393417093370,-780.0
1393417177060,-780.0
1393417261170,-780.0
1393417345230,-780.0
1393417429590,-780.0
1393417513710,-780.0
1393417597830,-780.0
1393417681590,-780.0
1393417765320,-780.0
1393417849080,-780.0
1393417933500,-780.0
1393418018690,-780.0
1393418105500,-780.0
1393418189030,-780.0
1393418273240,-780.0
1393418357090,-780.0
1393418441210,-780.0
1393418524920,-780.0
1393418608970,-780.0
1393418692890,-780.0
1393418776720,-780.0
1393418860430,-780.0
1393418944520,-780.0
1393419028930,-780.0
1393419113510,-780.0
1393419197870,-780.0
1393419281840,-780.0
1393419366240,-780.0
1393419450440,-780.0
1393419534490,-780.0
1393419618950,-780.0
1393419703310,-780.0
1393419787930,-779.60655721
1393419871720,-780.0
1393419956070,-780.0
1393420039970,-780.0
1393420123900,-780.0
1393420207780,-780.0
1393420291650,-780.0
1393420375480,-780.0
1393420462540,-780.0
1393420546310,-780.0
1393420630380,-779.60655721
1393420714270,-780.0
1393420798270,-780.0
1393420882040,-780.0
1393420965850,-780.0
1393421049810,-780.0
1393421133340,-780.0
1393421217130,-780.0
1393421300820,-780.0
1393421384690,-780.0
1393421468940,-780.0
1393421553360,-780.0
1393421637340,-780.0
1393421724720,-780.0
1393421808710,-780.0
1393421892750,-780.0
1393421976780,-780.0
1393422061150,-780.0
1393422145080,-780.0
1393422229130,-780.0
1393422313390,-780.0
1393422397270,-780.0
1393422481660,-780.0
1393422565700,-780.0
1393422649480,-780.0
1393422733410,-780.0
1393422816990,-780.0
1393422902030,-780.0
1393422985980,-780.0
1393423070040,-780.0
1393423154280,-780.0
1393423238570,-780.0
1393423322470,-780.0
1393423406440,-780.0
1393423490870,-780.0
1393423577060,-780.0
1393423661220,-780.0
1393423746940,-780.0
1393423835250,-780.0
1393423919420,-780.0
1393424003710,-780.0
1393424087610,-780.0
1393424171560,-780.0
1393424255510,-780.0
1393424339400,-780.0
1393424423050,-780.0
1393424507070,-780.0
1393424591120,-780.0
1393424675030,-780.0
1393424759110,-780.0
1393424842940,-780.0
1393424927020,-780.0
1393425011140,-780.0
1393425095160,-780.0
1393425179340,-780.0
1393425263040,-780.0
1393425347650,-780.0
1393425431840,-780.0
1393425515770,-780.0
1393425599760,-780.0
1393425683930,-780.0
1393425768040,-780.0
1393425852500,-780.0
1393425936480,-780.0
1393426020240,-780.0
1393426104540,-780.0
1393426188710,-780.0
1393426272750,-780.0
1393426357240,-780.0
1393426441680,-780.0
1393426525540,-780.0
1393426609980,-780.0
1393426694960,-780.0
1393426778900,-780.0
1393426863310,-780.0
1393426946990,-779.60655721
1393427030870,-780.0
1393427114950,-780.0
1393427198730,-780.0
1393427282990,-780.0
1393427368100,-780.0
1393427452430,-780.0
1393427542610,-780.0
1393427626440,-780.0
1393427710450,-780.0
1393427795640,-780.0
1393427880200,-780.0
1393427964300,-780.0
1393428048230,-780.0
1393428132120,-780.0
1393428216030,-780.0
1393428299870,-780.0
1393428384430,-780.0
1393428468410,-780.0
1393428552630,-780.0
1393428636250,-780.0
1393428721950,-780.0
1393428805950,-780.0
1393428889970,-780.0
1393428973820,-780.0
1393429058440,-780.0
1393429142790,-780.0
1393429226680,-780.0
1393429310710,-780.0
1393429394870,-780.0
1393429478940,-780.0
1393429563010,-780.0
1393429652850,-780.0
1393429736770,-780.0
1393429820750,-780.0
1393429904730,-780.0
1393430002910,-780.0
1393430087120,-780.0
1393430174600,-780.0
1393430287340,-780.0
1393430375330,-780.0
1393430466250,-780.0
1393430549990,-780.0
1393430634200,-780.0
1393430718340,-780.0
1393430802680,-780.0
1393430886630,-780.0
1393430970760,-780.0
1393431055090,-780.0
1393431138850,-780.0
1393431223500,-780.0
1393431315720,-780.0
1393431400870,-780.0
1393431484960,-780.0
1393431568760,-780.0
1393431652920,-780.0
1393431736750,-780.0
1393431821020,-780.0
1393431904850,-780.0
1393431988860,-780.0
1393432072590,-780.0
1393432156570,-780.0
1393432240570,-780.0
1393432324410,-780.0
1393432408260,-780.0
1393432492300,-780.0
1393432576230,-780.0
1393432660300,-780.0
1393432744220,-780.0
1393432828090,-780.0
1393432911730,-780.0
1393432995680,-780.0
1393433079550,-780.0
1393433163530,-780.0
1393433247320,-780.0
1393433331230,-780.0
1393433415200,-780.0
1393433499070,-780.0
1393433583150,-780.0
1393433667150,-780.0
1393433751330,-780.0
1393433835130,-780.0
1393433919060,-780.0
1393434002850,-780.0
1393434086760,-780.0
1393434170760,-780.0
1393434254650,-780.0
1393434338890,-780.0
1393434422830,-780.0
1393434506430,-780.0
1393434590150,-780.0
1393434673860,-780.0
1393434757960,-780.0
1393434841840,-780.0
1393434925610,-780.0
1393435009450,-780.0
1393435093230,-780.0
1393435177200,-780.0
1393435266840,-780.0
1393435350820,-780.0
1393435434520,-779.60655721
1393435518440,-780.0
1393435602540,-780.0
1393435686260,-780.0
1393435769850,-780.0
1393435854380,-780.0
1393435938520,-780.0
1393436022700,-780.0
1393436106610,-780.0
1393436190490,-780.0
1393436274240,-780.0
1393436358110,-780.0
1393436441800,-779.60655721
1393436525840,-780.0
1393436609690,-780.0
1393436693730,-779.60655721
1393436777560,-780.0
1393436861840,-779.213114421
1393436945620,-780.0
1393437029700,-780.0
1393437113360,-780.0
1393437197130,-780.0
1393437281250,-780.0
1393437365410,-780.0
1393437449100,-779.60655721
1393437534260,-780.0
1393437618280,-779.213114421
1393437702270,-780.0
1393437786430,-780.0
1393437870290,-780.0
1393437954250,-780.0
1393438038020,-779.60655721
1393438121930,-779.60655721
1393438205760,-780.0
1393438289630,-780.0
1393438373560,-779.60655721
1393438457280,-780.0
1393438541230,-779.60655721
1393438625100,-780.0
1393438708850,-780.0
1393438792930,-780.0
1393438876910,-780.0
1393438963450,-780.0
1393439047310,-779.60655721
1393439130910,-780.0
1393439214770,-780.0
1393439298760,-779.60655721
1393439382790,-780.0
1393439466850,-779.60655721
1393439551190,-780.0
1393439634930,-780.0
1393439718710,-779.5
1393439802690,-779.60655721
1393439886680,-779.60655721
1393439970950,-779.60655721
1393440055060,-780.0
1393440138870,-778.819671631
1393440222890,-780.0
1393440306820,-779.213114421
1393440390760,-780.0
1393440474500,-779.60655721
1393440558520,-779.60655721
1393440642480,-779.60655721
1393440726190,-780.0
1393440809740,-780.0
1393440893740,-779.60655721
1393440977920,-780.0
1393441061850,-780.0
1393441145820,-779.60655721
1393441229620,-780.0
1393441313490,-779.60655721
1393441397610,-780.0
1393441481280,-780.0
1393441565200,-779.60655721
1393441649290,-780.0
1393441733080,-780.0
1393441816800,-780.10655721
1393441900870,-780.0
1393441984960,-779.60655721
1393442069110,-780.0
1393442152840,-780.0
1393442237260,-779.60655721
1393442321410,-780.0
1393442405430,-780.0
1393442488850,-779.60655721
1393442572840,-780.0
1393442656740,-780.0
1393442740690,-780.0
1393442824320,-780.0
1393442908350,-780.0
1393442992270,-779.60655721
1393443076450,-780.0
1393443160140,-780.0
1393443244210,-779.213114421
1393443328160,-779.60655721
1393443412030,-780.0
1393443495820,-780.0
1393443579880,-780.0
1393443663830,-780.0
1393443747870,-779.213114421
1393443832510,-780.0
1393443916670,-779.213114421
1393444001040,-780.0
1393444084860,-780.0
1393444168580,-780.0
1393444252620,-780.0
1393444336710,-780.0
1393444420540,-780.0
1393444504530,-780.0
1393444588540,-780.0
1393444672240,-779.60655721
1393444755860,-780.0
1393444839640,-780.0
1393444923540,-780.0
1393445007640,-780.0
1393445091600,-780.0
1393445175550,-780.0
1393445259710,-780.0
1393445343740,-780.0
1393445427540,-780.0
1393445511440,-780.0
1393445595390,-779.60655721
1393445679330,-779.60655721
1393445763220,-780.0
1393445846810,-780.0
1393445930920,-780.0
1393446014690,-779.606119792
1393446098790,-780.0
1393446182840,-778.819671631
1393446266670,-779.60655721
1393446350620,-779.60655721
1393446434310,-780.0
1393446518370,-780.0
1393446602190,-779.60655721
1393446686230,-780.0
1393446770080,-779.60655721
1393446854040,-780.0
1393446938020,-779.60655721
1393447022290,-780.0
1393447106510,-779.213114421
1393447190120,-779.60655721
1393447274070,-780.0
1393447358020,-780.0
1393447442010,-780.0
1393447525720,-779.60655721
1393447609570,-779.60655721
1393447693510,-780.0
1393447777520,-779.60655721
1393447861480,-779.60655721
1393447945350,-779.60655721
1393448029220,-779.60655721
1393448113370,-779.60655721
1393448197340,-780.0
1393448281120,-780.0
1393448364740,-780.0
1393448448990,-780.0
1393448532840,-779.60655721
1393448616820,-779.60655721
1393448700580,-780.0
1393448784410,-779.60655721
1393448867890,-779.213114421
1393448951750,-779.60655721
1393449035720,-779.60655721
1393449119660,-780.0
1393449203350,-779.60655721
1393449287420,-779.60655721
1393449371350,-779.60655721
1393449455250,-780.0
1393449544050,-779.60655721
1393449627840,-780.0
1393449711920,-779.213114421
1393449795620,-779.60655721
1393449879580,-778.819671631
1393449963460,-779.213114421
1393450047230,-779.60655721
1393450131180,-780.0
1393450215110,-779.60655721
1393450299050,-779.10655721
1393450382820,-779.60655721
1393450466890,-780.0
1393450550740,-779.60655721
1393450634790,-780.0
1393450732040,-780.0
1393450815820,-779.60655721
1393450899520,-780.0
1393450983590,-779.212677002
1393451067480,-780.0
1393451151530,-780.0
1393451235610,-779.213114421
1393451319420,-780.0
1393451403640,-779.213114421
1393451487860,-780.0
1393451571720,-780.0
1393451655650,-779.60655721
1393451739750,-780.0
1393451823620,-779.60655721
1393451907280,-780.0
1393451991240,-780.0
1393452075140,-779.60655721
1393452159190,-780.0
1393452242850,-779.213114421
1393452326990,-779.213114421
1393452411990,-780.0
1393452502780,-780.0
1393452586490,-780.0
1393452674100,-780.0
1393452779070,-779.60655721
1393452881890,-779.60655721
1393452966010,-779.60655721
1393453074260,-780.0
1393453180040,-780.0
1393453263980,-779.60655721
1393453347900,-780.0
1393453436150,-780.0
1393453537920,-780.0
1393453621750,-780.0
1393453706030,-780.0
1393453796430,-779.60655721
1393453885020,-779.60655721
1393453968690,-779.60655721
1393454054940,-780.0
1393454142880,-779.5
1393454227280,-780.0
1393454310890,-779.60655721
1393454396170,-780.0
1393454496590,-780.0
1393454580920,-780.0
1393454664780,-778.426228841
1393454771070,-780.0
1393454856040,-780.0
1393454939650,-779.60655721
1393455023950,-780.0
1393455137610,-779.60655721
1393455223380,-780.0
1393455307590,-779.60655721
1393455392020,-780.0
1393455477320,-780.0
1393455561860,-780.0
1393455645660,-780.0
1393455731930,-779.213114421
1393455834450,-780.0
1393455921970,-779.60655721
1393456112040,-780.0
1393456233000,-780.0
1393456333770,-779.60655721
1393456449520,-780.0
1393456536280,-779.213114421
1393456687470,-780.0
1393456775610,-780.0
1393456922410,-778.878298442
1393457009500,-780.0
1393457161000,-779.60655721
1393457246500,-780.0
1393457333550,-780.0
1393457418880,-780.10655721
1393457503720,-779.60655721
1393457587560,-780.0
1393457672210,-779.60655721
1393457757520,-780.0
1393457841750,-780.0
1393457925560,-780.0
1393458010420,-779.60655721
1393458109630,-780.0
1393458193450,-780.0
1393458277130,-780.0
1393458362270,-780.0
1393458447180,-779.60655721
1393458531170,-779.60655721
1393458615760,-780.0
1393458701210,-779.60655721
1393458785610,-780.0
1393458869350,-779.60655721
1393458953910,-779.60655721
1393459039640,-779.60655721
1393459124000,-779.213114421
1393459208030,-779.60655721
1393459292650,-780.0
1393459377920,-779.60655721
1393459462100,-780.0
1393459546040,-779.213114421
1393459630980,-780.0
1393459716390,-780.0
1393459802250,-779.60655721
1393459886750,-779.60655721
1393459971900,-780.0
1393460057020,-780.0
1393460144200,-779.60655721
1393460228600,-779.60655721
1393460313770,-779.271741231
1393460398230,-779.60655721
1393460482010,-779.213114421
1393460566840,-780.0
1393460651950,-779.213114421
1393460736250,-779.60655721
1393460820340,-780.0
1393460905320,-780.10655721
1393460990270,-779.60655721
1393461074280,-779.60655721
1393461158360,-779.213114421
1393461243460,-780.0
1393461328130,-779.60655721
1393461412420,-780.0
1393461496780,-780.0
1393461581640,-779.60655721
1393461665580,-780.0
1393461749650,-779.60655721
1393461834320,-780.0
1393461918370,-779.60655721
1393462002290,-780.0
1393462086310,-780.0
1393462170760,-779.60655721
1393462254720,-780.0
1393462338570,-779.606119792
1393462422710,-780.0
1393462507400,-780.0
1393462591970,-780.0
1393462675670,-779.60655721
1393462760300,-780.0
1393462874850,-779.60655721
1393462959580,-779.213114421
1393463043450,-780.0
1393463128160,-780.0
1393463213280,-780.0
1393463297590,-780.0
1393463381630,-779.60655721
1393463467170,-779.60655721
1393463553000,-780.0
1393463637490,-779.60655721
1393463721690,-778.819671631
1393463806790,-779.213114421
1393463891460,-780.000437419
1393463975560,-779.271741231
1393464060180,-779.60655721
1393464144980,-779.60655721
1393464229400,-780.0
1393464313510,-779.60655721
1393464401050,-779.213114421
1393464485650,-779.60655721
1393464569620,-779.213114421
1393464653530,-779.60655721
1393464737440,-779.213114421
1393464822090,-780.0
1393464905900,-779.213114421
1393464989830,-779.60655721
1393465073770,-779.60655721
1393465157950,-779.60655721
1393465242520,-780.0
1393465326540,-780.0
1393465410430,-779.213114421
1393465494230,-779.60655721
1393465578070,-779.60655721
1393465661890,-779.60655721
1393465745840,-780.0
1393465829720,-780.0
1393465913550,-779.60655721
1393465997620,-780.0
1393466081370,-779.60655721
1393466165370,-779.60655721
1393466249190,-780.0
1393466333370,-780.0
1393466416990,-780.0
1393466500840,-780.0
1393466584800,-779.60655721
1393466669250,-779.213114421
1393466753230,-780.0
1393466837330,-778.713114421
1393466921450,-780.0
1393467005920,-780.0
1393467089880,-778.713114421
1393467173770,-779.213114421
1393467257580,-779.60655721
1393467341450,-779.213114421
1393467425730,-780.0
1393467509350,-780.0
1393467593240,-780.0
1393467677190,-779.60655721
1393467761220,-780.0
1393467845170,-780.0
1393467929160,-779.60655721
1393468013240,-779.60655721
1393468096750,-780.0
1393468181020,-780.0
1393468265850,-779.213114421
1393468350070,-779.213114421
1393468433920,-780.0
1393468517860,-779.60655721
1393468602280,-779.213114421
1393468686530,-780.0
1393468770340,-780.0
1393468856400,-780.10655721
1393468940350,-780.0
1393469024300,-780.0
1393469108320,-780.0
1393469192560,-779.60655721
1393469276760,-780.0
1393469360740,-779.60655721
1393469444570,-780.0
1393469528560,-780.0
1393469612330,-779.213114421
1393469696270,-779.60655721
1393469779780,-779.213114421
1393469863640,-779.213114421
1393469947330,-779.5
1393470031120,-780.0
1393470115740,-778.426228841
1393470200350,-779.60655721
1393470284430,-779.60655721
1393470368650,-780.0
1393470452700,-779.60655721
1393470537090,-780.0
1393470620800,-780.0
1393470704700,-779.60655721
1393470789160,-780.0
1393470873060,-780.0
1393470963750,-780.0
1393471047800,-779.60655721
1393471131570,-780.0
1393471215810,-780.0
1393471299720,-779.60655721
1393471383520,-780.0
1393471467240,-780.0
1393471551210,-779.213114421
1393471635210,-779.60655721
1393471719180,-779.60655721
1393471802790,-779.60655721
1393471886710,-779.60655721
1393471971010,-779.60655721
1393472055850,-780.0
1393472140200,-779.606119792
1393472224550,-779.213114421
1393472308680,-778.819234212
1393472392450,-779.60655721
1393472476420,-779.606119792
1393472560670,-780.0
1393472662950,-779.713114421
1393472746850,-780.0
1393472830640,-780.0
1393472914570,-778.003407796
1393472998520,-779.60655721
1393473082810,-779.60655721
1393473166430,-780.0
1393473250330,-780.0
1393473334130,-780.0
1393473417910,-780.0
1393473501570,-780.0
1393473585720,-779.60655721
1393473670730,-779.60655721
1393473754850,-780.0
1393473838580,-780.0
1393473922660,-779.60655721
1393474006600,-780.0
1393474090330,-779.60655721
1393474174150,-780.0
1393474259700,-779.60655721
1393474343820,-780.0
1393474427990,-780.0
1393474511870,-780.0
1393474595740,-779.213114421
1393474679750,-780.0
1393474763750,-779.213114421
1393474847540,-780.0
1393474931450,-780.0
1393475015310,-779.60655721
1393475098990,-780.0
1393475182390,-780.0
1393475266480,-779.60655721
1393475350560,-780.0
1393475434550,-779.213114421
1393475519040,-779.60655721
1393475603600,-780.0
1393475687480,-779.60655721
1393475771190,-778.426228841
1393475855280,-780.0
1393475939030,-780.0
1393476022870,-779.60655721
1393476106730,-780.0
1393476190630,-780.0
1393476274680,-780.0
1393476358950,-779.60655721
1393476443000,-780.0
1393476527140,-779.60655721
1393476611190,-779.60655721
1393476694960,-779.60655721
1393476778760,-780.0
1393476862860,-779.60655721
1393476946820,-780.0
1393477030940,-779.60655721
1393477115310,-779.60655721
1393477199240,-779.271741231
1393477283240,-779.213114421
1393477367390,-780.0
1393477451930,-780.0
1393477536340,-780.0
1393477620250,-779.60655721
1393477704570,-779.213114421
1393477789370,-780.0
1393477873600,-780.0
1393477958160,-779.213114421
1393478043100,-780.0
1393478128210,-780.0
1393478211690,-780.0
1393478313130,-779.213114421
1393478398230,-779.60655721
1393478482930,-780.0
1393478566570,-780.0
1393478650960,-779.60655721
1393478736140,-779.60655721
1393478820960,-780.0
1393478904700,-779.213114421
1393478989130,-780.0
1393479074730,-779.213114421
1393479158820,-779.60655721
1393479243040,-780.0
1393479328010,-780.0
1393479413150,-780.0
1393479497110,-780.0
1393479581220,-780.0
1393479667170,-780.0
1393479752240,-780.0
1393479836290,-780.0
1393479934520,-780.0
1393480019750,-780.0
1393480104310,-780.0
1393480188040,-780.0
1393480273980,-780.0
1393480359260,-780.0
1393480444570,-780.0
1393480528490,-780.0
1393480613710,-780.0
1393480715630,-779.60655721
1393480799450,-780.0
1393480883300,-780.0
1393480968370,-780.0
1393481067810,-780.0
1393481152030,-780.0
1393481236220,-780.0
1393481321810,-780.0
1393481406550,-780.0
1393481490420,-780.0
1393481574800,-780.0
1393481659750,-780.0
1393481744280,-780.0
1393481827940,-780.0
1393481941330,-780.0
1393482026480,-780.0
1393482111460,-780.0
1393482195290,-780.0
1393482280720,-780.0
1393482365700,-780.0
1393482449470,-780.0
1393482536640,-780.0
1393482639550,-780.0
1393482727530,-780.0
1393482812040,-780.0
1393482899940,-780.0
1393482987410,-780.0
1393483071680,-779.60655721
1393483155630,-780.0
1393483241840,-780.0
1393483355840,-780.0
1393483439740,-780.0
1393483538090,-780.0
1393483636050,-780.0
1393483721340,-780.0
1393483807030,-780.0
1393483893240,-780.0
1393484002040,-780.0
1393484102420,-780.0
1393484186420,-780.0
1393484270360,-780.0
1393484356340,-780.0
1393484446870,-780.0
1393484534020,-780.0
1393484621660,-780.0
1393484705460,-780.0
1393484789300,-780.0
1393484873550,-780.0
1393484958240,-780.0
1393485042240,-780.0
1393485125940,-780.0
1393485209530,-780.0
1393485293670,-780.0
1393485383710,-780.0
1393485467600,-780.0
1393485551120,-780.0
1393485635080,-780.0
1393485719260,-780.0
1393485803490,-780.0
1393486056460,-780.0
1393486295920,-780.0
1393486379260,-780.0
1393486462320,-780.0
1393486545670,-780.0
1393486628660,-780.0
1393486711680,-780.0
1393486794730,-780.0
1393486877830,-780.0
1393487090810,-780.0
1393487151180,-780.0
1393487211210,-780.0
1393487271200,-780.0
1393487331450,-780.0
1393487391560,-780.0
1393487451800,-780.0
1393487512190,-780.0
1393487572530,-780.0
1393487632920,-780.0
1393487693040,-780.0
1393487754220,-780.0
1393487814200,-780.0
1393487874280,-780.0
1393487934590,-780.0
1393487994850,-780.0
1393488054910,-780.0
1393488115270,-780.0
1393488175730,-780.0
1393488235760,-780.0
1393488295980,-780.0
1393488356480,-780.0
1393488416680,-780.0
1393488477140,-780.0
1393488537860,-780.0
1393488599110,-780.0
1393488659870,-780.0
1393488720050,-780.0
1393488780490,-780.0
1393488840800,-780.0
1393488901630,-780.0
1393488961270,-780.0
1393489021590,-780.0
1393489082080,-780.0
1393489142440,-780.0
1393489203510,-780.0
1393489264370,-780.0
1393489324990,-777.428918457
1393489386030,-780.0
1393489446920,-780.0
1393489507490,-780.0
1393489568170,-780.0
1393489629210,-780.0
1393489690450,-780.0
1393489751990,-780.0
1393489812730,-780.0
1393489873500,-780.0
1393489934060,-780.0
1393489994280,-780.0
1393490054670,-780.0
1393490114730,-780.0
1393490175450,-780.0
1393490236060,-780.0
1393490296850,-780.0
1393490357600,-780.0
1393490418260,-780.0
1393490479270,-780.0
1393490539840,-780.0
1393490600350,-780.0
1393490661000,-780.0
1393490721300,-780.0
1393490780390,-780.0
1393490841400,-780.0
1393490901650,-780.0
1393490962360,-780.0
1393491023540,-780.0
1393491084570,-780.0
1393491144950,-780.0
1393491205270,-780.0
1393491266050,-780.0
1393491326290,-780.0
1393491386690,-780.0
1393491447270,-780.0
1393491507950,-780.0
1393491568200,-780.0
1393491628900,-780.0
1393509202400,-780.0
1393509262240,-780.0
1393509322250,-780.0
1393509382650,-780.0
1393509442380,-780.0
1393509503450,-779.527868652
1393509562890,-779.550351097
1393509623750,-780.0
1393509683350,-780.0
1393509744360,-780.0
1393509803910,-780.0
1393509864640,-780.0
1393509924270,-779.550351097
1393509984160,-779.550351097
1393510044270,-780.0
1393510105170,-779.527868652
1393510165290,-780.0
1393510224680,-780.0
1393510285650,-780.0
1393510406320,-780.0
1393510467570,-780.0
1393510526650,-780.0
1393510587520,-780.0
1393510646630,-780.0
1393510708430,-780.0
1393510769870,-780.0
1393510830300,-780.0
1393510890220,-780.0
1393510949650,-780.0
1393511009560,-780.0
1393511069720,-780.0
1393511130870,-780.0
1393511189960,-780.0
1393511251270,-780.0
1393511310950,-780.0
1393511370860,-780.0
1393511430950,-780.0
1393512173210,-780.0
1393512232640,-780.0
1393512292900,-780.0
1393512352650,-780.0
1393512412760,-780.0
1393512472850,-780.0
1393512532540,-780.0
1393512593520,-780.0
1393512653710,-780.0
1393512715130,-780.0
1393512774380,-780.0
1393512834750,-780.0
1393512894670,-780.0
1393512954540,-780.0
1393513015440,-780.0
1393513074840,-780.0
1393513135450,-780.0
1393513194640,-780.0
1393513254830,-780.0
1393513316140,-780.0
1393513376080,-780.0
1393513435480,-780.0
1393513496340,-780.0
1393513555420,-780.0
1393513676980,-780.0
1393513736970,-780.0
1393513797180,-780.0
1393513857850,-780.0
1393513981070,-780.0
1393514041200,-780.0
