1393875762371,0.0
1393877402908,0.0
1393877414339,0.0
1393877565622,0.0
1393877685740,0.0
1393877805777,0.0
1393877925873,0.0
1393878045891,0.0
1393878165960,0.0
1393878285954,0.0
1393945752315,0.0
1393945872297,0.0
1393950235343,0.0
1393955487896,0.0
1393956035126,0.0
1393956055586,0.0
1393956871468,0.0
1393957916774,0.0
1393958548461,0.0
1393958608930,0.0
1393959851393,0.0
1393959871855,0.0
1393959891244,0.0
1393959911692,0.0
1393959931070,0.0
1393959951514,0.0
1393959971975,0.0
1393959991347,0.0
1393960011812,0.0
1393960031192,0.0
1393960051625,0.0
1393960072076,0.0
1393960091466,0.0
1393960111933,0.0
1393960131308,0.0
1393960151747,0.0
1393960171122,0.0
1393960191599,0.0
1393960212044,0.0
1393960231412,0.0
1393960251877,0.0
1393960271263,0.0
1393960291715,0.0
1393960312160,0.0
1393960331537,0.0
1393960351987,0.0
1393960371365,0.0
1395079512172,35.0
1395079989684,35.0
1395080049348,35.0
1395080109193,35.0
1395080170272,35.0
1395080229377,35.0
1395080289683,35.0
1395082307321,35.0
1395082367005,35.0
1395082426842,35.0
1395082487903,35.0
1395082546935,35.0
1395082607267,35.0
1395082667775,35.0
