1393400967970,0.0
1393402195580,0.0
1393403420460,0.0
1393404645600,0.0
1393405870820,0.0
1393407095620,0.0
1393409446050,0.0
1393409533670,0.0
1393409625980,0.0
1393409829210,0.0
1393409914430,0.0
1393409997880,0.0
1393414466550,0.0
1393414551480,0.0
1393414635660,0.0
1393414719740,0.0
1393414804220,0.0
1393414888050,0.0
1393414972230,0.0
1393415056210,0.0
1393415141540,0.0
1393415226060,0.0
1393415310250,0.0
1393415394330,0.0
1393415478420,0.0
1393415562610,0.0
1393415646750,0.0
1393415730930,0.0
1393415817710,0.0
1393415901740,0.0
1393415985620,0.0
1393416070080,0.0
1393416155670,0.0
1393416239930,0.0
1393416323990,0.0
1393416420890,0.0
1393416504850,0.0
1393416589120,0.0
1393416673330,0.0
1393416757610,0.0
1393416841250,0.0
1393416925450,0.0
1393417009450,0.0
1393417093370,0.0
1393417177060,0.0
1393417261170,0.0
1393417345230,0.0
1393417429590,0.0
1393417513710,0.0
1393417597830,0.0
1393417681590,0.0
1393417765320,0.0
1393417849080,0.0
1393417933500,0.0
1393418018690,0.0
1393418105500,0.0
1393418189030,0.0
1393418273240,0.0
1393418357090,0.0
1393418441210,0.0
1393418524920,0.0
1393418608970,0.0
1393418692890,0.0
1393418776720,0.0
1393418860430,0.0
1393418944520,0.0
1393419028930,0.0
1393419113510,0.0
1393419197870,0.0
1393419281840,0.0
1393419366240,0.0
1393419450440,0.0
1393419534490,0.0
1393419618950,0.0
1393419703310,0.0
1393419787930,0.0
1393419871720,0.0
1393419956070,0.0
1393420039970,0.0
1393420123900,0.0
1393420207780,0.0
1393420291650,0.0
1393420375480,0.0
1393420462540,0.0
1393420546310,0.0
1393420630380,0.0
1393420714270,0.0
1393420798270,0.0
1393420882040,0.0
1393420965850,0.0
1393421049810,0.0
1393421133340,0.0
1393421217130,0.0
1393421300820,0.0
1393421384690,0.0
1393421468940,0.0
1393421553360,0.0
1393421637340,0.0
1393421724720,0.0
1393421808710,0.0
1393421892750,0.0
1393421976780,0.0
1393422061150,0.0
1393422145080,0.0
1393422229130,0.0
1393422313390,0.0
1393422397270,0.0
1393422481660,0.0
1393422565700,0.0
1393422649480,0.0
1393422733410,0.0
1393422816990,0.0
1393422902030,0.0
1393422985980,0.0
1393423070040,0.0
1393423154280,0.0
1393423238570,0.0
1393423322470,0.0
1393423406440,0.0
1393423490870,0.0
1393423577060,0.0
1393423661220,0.0
1393423746940,0.0
1393423835250,0.0
1393423919420,0.0
1393424003710,0.0
1393424087610,0.0
1393424171560,0.0
1393424255510,0.0
1393424339400,0.0
1393424423050,0.0
1393424507070,0.0
1393424591120,0.0
1393424675030,0.0
1393424759110,0.0
1393424842940,0.0
1393424927020,0.0
1393425011140,0.0
1393425095160,0.0
1393425179340,0.0
1393425263040,0.0
1393425347650,0.0
1393425431840,0.0
1393425515770,0.0
1393425599760,0.0
1393425683930,0.0
1393425768040,0.0
1393425852500,0.0
1393425936480,0.0
1393426020240,0.0
1393426104540,0.0
1393426188710,0.0
1393426272750,0.0
1393426357240,0.0
1393426441680,0.0
1393426525540,0.0
1393426609980,0.0
1393426694960,0.0
1393426778900,0.0
1393426863310,0.0
1393426946990,0.0
1393427030870,0.0
1393427114950,0.0
1393427198730,0.0
1393427282990,0.0
1393427368100,0.0
1393427452430,0.0
1393427542610,0.0
1393427626440,0.0
1393427710450,0.0
1393427795640,0.0
1393427880200,0.0
1393427964300,0.0
1393428048230,0.0
1393428132120,0.0
1393428216030,0.0
1393428299870,0.0
1393428384430,0.0
1393428468410,0.0
1393428552630,0.0
1393428636250,0.0
1393428721950,0.0
1393428805950,0.0
1393428889970,0.0
1393428973820,0.0
1393429058440,0.0
1393429142790,0.0
1393429226680,0.0
1393429310710,0.0
1393429394870,0.0
1393429478940,0.0
1393429563010,0.0
1393429652850,0.0
1393429736770,0.0
1393429820750,0.0
1393429904730,0.0
1393430002910,0.0
1393430087120,0.0
1393430174600,0.0
1393430287340,0.0
1393430375330,0.0
1393430466250,0.0
1393430549990,0.0
1393430634200,0.0
1393430718340,0.0
1393430802680,0.0
1393430886630,0.0
1393430970760,0.0
1393431055090,0.0
1393431138850,0.0
1393431223500,0.0
1393431315720,0.0
1393431400870,0.0
1393431484960,0.0
1393431568760,0.0
1393431652920,0.0
1393431736750,0.0
1393431821020,0.0
1393431904850,0.0
1393431988860,0.0
1393432072590,0.0
1393432156570,0.0
1393432240570,0.0
1393432324410,0.0
1393432408260,0.0
1393432492300,0.0
1393432576230,0.0
1393432660300,0.0
1393432744220,0.0
1393432828090,0.0
1393432911730,0.0
1393432995680,0.0
1393433079550,0.0
1393433163530,0.0
1393433247320,0.0
1393433331230,0.0
1393433415200,0.0
1393433499070,0.0
1393433583150,0.0
1393433667150,0.0
1393433751330,0.0
1393433835130,0.0
1393433919060,0.0
1393434002850,0.0
1393434086760,0.0
1393434170760,0.0
1393434254650,0.0
1393434338890,0.0
1393434422830,0.0
1393434506430,0.0
1393434590150,0.0
1393434673860,0.0
1393434757960,0.0
1393434841840,0.0
1393434925610,0.0
1393435009450,0.0
1393435093230,0.0
1393435177200,0.0
1393435266840,0.0
1393435350820,0.0
1393435434520,0.0
1393435518440,0.0
1393435602540,0.0
1393435686260,0.0
1393435769850,0.0
1393435854380,0.0
1393435938520,0.0
1393436022700,0.0
1393436106610,0.0
1393436190490,0.0
1393436274240,0.0
1393436358110,0.0
1393436441800,0.0
1393436525840,0.0
1393436609690,0.0
1393436693730,0.0
1393436777560,0.0
1393436861840,0.0
1393436945620,0.0
1393437029700,0.0
1393437113360,0.0
1393437197130,0.0
1393437281250,0.0
1393437365410,0.0
1393437449100,0.0
1393437534260,0.0
1393437618280,0.0
1393437702270,0.0
1393437786430,0.0
1393437870290,0.0
1393437954250,0.0
1393438038020,0.0
1393438121930,0.0
1393438205760,0.0
1393438289630,0.0
1393438373560,0.0
1393438457280,0.0
1393438541230,0.0
1393438625100,0.0
1393438708850,0.0
1393438792930,0.0
1393438876910,0.0
1393438963450,0.0
1393439047310,0.0
1393439130910,0.0
1393439214770,0.0
1393439298760,0.0
1393439382790,0.0
1393439466850,0.0
1393439551190,0.0
1393439634930,0.0
1393439718710,0.0
1393439802690,0.0
1393439886680,0.0
1393439970950,0.0
1393440055060,0.0
1393440138870,0.0
1393440222890,0.0
1393440306820,0.0
1393440390760,0.0
1393440474500,0.0
1393440558520,0.0
1393440642480,0.0
1393440726190,0.0
1393440809740,0.0
1393440893740,0.0
1393440977920,0.0
1393441061850,0.0
1393441145820,0.0
1393441229620,0.0
1393441313490,0.0
1393441397610,0.0
1393441481280,0.0
1393441565200,0.0
1393441649290,0.0
1393441733080,0.0
1393441816800,0.0
1393441900870,0.0
1393441984960,0.0
1393442069110,0.0
1393442152840,0.0
1393442237260,0.0
1393442321410,0.0
1393442405430,0.0
1393442488850,0.0
1393442572840,0.0
1393442656740,0.0
1393442740690,0.0
1393442824320,0.0
1393442908350,0.0
1393442992270,0.0
1393443076450,0.0
1393443160140,0.0
1393443244210,0.0
1393443328160,0.0
1393443412030,0.0
1393443495820,0.0
1393443579880,0.0
1393443663830,0.0
1393443747870,0.0
1393443832510,0.0
1393443916670,0.0
1393444001040,0.0
1393444084860,0.0
1393444168580,0.0
1393444252620,0.0
1393444336710,0.0
1393444420540,0.0
1393444504530,0.0
1393444588540,0.0
1393444672240,0.0
1393444755860,0.0
1393444839640,0.0
1393444923540,0.0
1393445007640,0.0
1393445091600,0.0
1393445175550,0.0
1393445259710,0.0
1393445343740,0.0
1393445427540,0.0
1393445511440,0.0
1393445595390,0.0
1393445679330,0.0
1393445763220,0.0
1393445846810,0.0
1393445930920,0.0
1393446014690,0.0
1393446098790,0.0
1393446182840,0.0
1393446266670,0.0
1393446350620,0.0
1393446434310,0.0
1393446518370,0.0
1393446602190,0.0
1393446686230,0.0
1393446770080,0.0
1393446854040,0.0
1393446938020,0.0
1393447022290,0.0
1393447106510,0.0
1393447190120,0.0
1393447274070,0.0
1393447358020,0.0
1393447442010,0.0
1393447525720,0.0
1393447609570,0.0
1393447693510,0.0
1393447777520,0.0
1393447861480,0.0
1393447945350,0.0
1393448029220,0.0
1393448113370,0.0
1393448197340,0.0
1393448281120,0.0
1393448364740,0.0
1393448448990,0.0
1393448532840,0.0
1393448616820,0.0
1393448700580,0.0
1393448784410,0.0
1393448867890,0.0
1393448951750,0.0
1393449035720,0.0
1393449119660,0.0
1393449203350,0.0
1393449287420,0.0
1393449371350,0.0
1393449455250,0.0
1393449544050,0.0
1393449627840,0.0
1393449711920,0.0
1393449795620,0.0
1393449879580,0.0
1393449963460,0.0
1393450047230,0.0
1393450131180,0.0
1393450215110,0.0
1393450299050,0.0
1393450382820,0.0
1393450466890,0.0
1393450550740,0.0
1393450634790,0.0
1393450732040,0.0
1393450815820,0.0
1393450899520,0.0
1393450983590,0.0
1393451067480,0.0
1393451151530,0.0
1393451235610,0.0
1393451319420,0.0
1393451403640,0.0
1393451487860,0.0
1393451571720,0.0
1393451655650,0.0
1393451739750,0.0
1393451823620,0.0
1393451907280,0.0
1393451991240,0.0
1393452075140,0.0
1393452159190,0.0
1393452242850,0.0
1393452326990,0.0
1393452411990,0.0
1393452502780,0.0
1393452586490,0.0
1393452674100,0.0
1393452779070,0.0
1393452881890,0.0
1393452966010,0.0
1393453074260,0.0
1393453180040,0.0
1393453263980,0.0
1393453347900,0.0
1393453436150,0.0
1393453537920,0.0
1393453621750,0.0
1393453706030,0.0
1393453796430,0.0
1393453885020,0.0
1393453968690,0.0
1393454054940,0.0
1393454142880,0.0
1393454227280,0.0
1393454310890,0.0
1393454396170,0.0
1393454496590,0.0
1393454580920,0.0
1393454664780,0.0
1393454771070,0.0
1393454856040,0.0
1393454939650,0.0
1393455023950,0.0
1393455137610,0.0
1393455223380,0.0
1393455307590,0.0
1393455392020,0.0
1393455477320,0.0
1393455561860,0.0
1393455645660,0.0
1393455731930,0.0
1393455834450,0.0
1393455921970,0.0
1393456112040,0.0
1393456233000,0.0
1393456333770,0.0
1393456449520,0.0
1393456536280,0.0
1393456687470,0.0
1393456775610,0.0
1393456922410,0.0
1393457009500,0.0
1393457161000,0.0
1393457246500,0.0
1393457333550,0.0
1393457418880,0.0
1393457503720,0.0
1393457587560,0.0
1393457672210,0.0
1393457757520,0.0
1393457841750,0.0
1393457925560,0.0
1393458010420,0.0
1393458109630,0.0
1393458193450,0.0
1393458277130,0.0
1393458362270,0.0
1393458447180,0.0
1393458531170,0.0
1393458615760,0.0
1393458701210,0.0
1393458785610,0.0
1393458869350,0.0
1393458953910,0.0
1393459039640,0.0
1393459124000,0.0
1393459208030,0.0
1393459292650,0.0
1393459377920,0.0
1393459462100,0.0
1393459546040,0.0
1393459630980,0.0
1393459716390,0.0
1393459802250,0.0
1393459886750,0.0
1393459971900,0.0
1393460057020,0.0
1393460144200,0.0
1393460228600,0.0
1393460313770,0.0
1393460398230,0.0
1393460482010,0.0
1393460566840,0.0
1393460651950,0.0
1393460736250,0.0
1393460820340,0.0
1393460905320,0.0
1393460990270,0.0
1393461074280,0.0
1393461158360,0.0
1393461243460,0.0
1393461328130,0.0
1393461412420,0.0
1393461496780,0.0
1393461581640,0.0
1393461665580,0.0
1393461749650,0.0
1393461834320,0.0
1393461918370,0.0
1393462002290,0.0
1393462086310,0.0
1393462170760,0.0
1393462254720,0.0
1393462338570,0.0
1393462422710,0.0
1393462507400,0.0
1393462591970,0.0
1393462675670,0.0
1393462760300,0.0
1393462874850,0.0
1393462959580,0.0
1393463043450,0.0
1393463128160,0.0
1393463213280,0.0
1393463297590,0.0
1393463381630,0.0
1393463467170,0.0
1393463553000,0.0
1393463637490,0.0
1393463721690,0.0
1393463806790,0.0
1393463891460,0.0
1393463975560,0.0
1393464060180,0.0
1393464144980,0.0
1393464229400,0.0
1393464313510,0.0
1393464401050,0.0
1393464485650,0.0
1393464569620,0.0
1393464653530,0.0
1393464737440,0.0
1393464822090,0.0
1393464905900,0.0
1393464989830,0.0
1393465073770,0.0
1393465157950,0.0
1393465242520,0.0
1393465326540,0.0
1393465410430,0.0
1393465494230,0.0
1393465578070,0.0
1393465661890,0.0
1393465745840,0.0
1393465829720,0.0
1393465913550,0.0
1393465997620,0.0
1393466081370,0.0
1393466165370,0.0
1393466249190,0.0
1393466333370,0.0
1393466416990,0.0
1393466500840,0.0
1393466584800,0.0
1393466669250,0.0
1393466753230,0.0
1393466837330,0.0
1393466921450,0.0
1393467005920,0.0
1393467089880,0.0
1393467173770,0.0
1393467257580,0.0
1393467341450,0.0
1393467425730,0.0
1393467509350,0.0
1393467593240,0.0
1393467677190,0.0
1393467761220,0.0
1393467845170,0.0
1393467929160,0.0
1393468013240,0.0
1393468096750,0.0
1393468181020,0.0
1393468265850,0.0
1393468350070,0.0
1393468433920,0.0
1393468517860,0.0
1393468602280,0.0
1393468686530,0.0
1393468770340,0.0
1393468856400,0.0
1393468940350,0.0
1393469024300,0.0
1393469108320,0.0
1393469192560,0.0
1393469276760,0.0
1393469360740,0.0
1393469444570,0.0
1393469528560,0.0
1393469612330,0.0
1393469696270,0.0
1393469779780,0.0
1393469863640,0.0
1393469947330,0.0
1393470031120,0.0
1393470115740,0.0
1393470200350,0.0
1393470284430,0.0
1393470368650,0.0
1393470452700,0.0
1393470537090,0.0
1393470620800,0.0
1393470704700,0.0
1393470789160,0.0
1393470873060,0.0
1393470963750,0.0
1393471047800,0.0
1393471131570,0.0
1393471215810,0.0
1393471299720,0.0
1393471383520,0.0
1393471467240,0.0
1393471551210,0.0
1393471635210,0.0
1393471719180,0.0
1393471802790,0.0
1393471886710,0.0
1393471971010,0.0
1393472055850,0.0
1393472140200,0.0
1393472224550,0.0
1393472308680,0.0
1393472392450,0.0
1393472476420,0.0
1393472560670,0.0
1393472662950,0.0
1393472746850,0.0
1393472830640,0.0
1393472914570,0.0
1393472998520,0.0
1393473082810,0.0
1393473166430,0.0
1393473250330,0.0
1393473334130,0.0
1393473417910,0.0
1393473501570,0.0
1393473585720,0.0
1393473670730,0.0
1393473754850,0.0
1393473838580,0.0
1393473922660,0.0
1393474006600,0.0
1393474090330,0.0
1393474174150,0.0
1393474259700,0.0
1393474343820,0.0
1393474427990,0.0
1393474511870,0.0
1393474595740,0.0
1393474679750,0.0
1393474763750,0.0
1393474847540,0.0
1393474931450,0.0
1393475015310,0.0
1393475098990,0.0
1393475182390,0.0
1393475266480,0.0
1393475350560,0.0
1393475434550,0.0
1393475519040,0.0
1393475603600,0.0
1393475687480,0.0
1393475771190,0.0
1393475855280,0.0
1393475939030,0.0
1393476022870,0.0
1393476106730,0.0
1393476190630,0.0
1393476274680,0.0
1393476358950,0.0
1393476443000,0.0
1393476527140,0.0
1393476611190,0.0
1393476694960,0.0
1393476778760,0.0
1393476862860,0.0
1393476946820,0.0
1393477030940,0.0
1393477115310,0.0
1393477199240,0.0
1393477283240,0.0
1393477367390,0.0
1393477451930,0.0
1393477536340,0.0
1393477620250,0.0
1393477704570,0.0
1393477789370,0.0
1393477873600,0.0
1393477958160,0.0
1393478043100,0.0
1393478128210,0.0
1393478211690,0.0
1393478313130,0.0
1393478398230,0.0
1393478482930,0.0
1393478566570,0.0
1393478650960,0.0
1393478736140,0.0
1393478820960,0.0
1393478904700,0.0
1393478989130,0.0
1393479074730,0.0
1393479158820,0.0
1393479243040,0.0
1393479328010,0.0
1393479413150,0.0
1393479497110,0.0
1393479581220,0.0
1393479667170,0.0
1393479752240,0.0
1393479836290,0.0
1393479934520,0.0
1393480019750,0.0
1393480104310,0.0
1393480188040,0.0
1393480273980,0.0
1393480359260,0.0
1393480444570,0.0
1393480528490,0.0
1393480613710,0.0
1393480715630,0.0
1393480799450,0.0
1393480883300,0.0
1393480968370,0.0
1393481067810,0.0
1393481152030,0.0
1393481236220,0.0
1393481321810,0.0
1393481406550,0.0
1393481490420,0.0
1393481574800,0.0
1393481659750,0.0
1393481744280,0.0
1393481827940,0.0
1393481941330,0.0
1393482026480,0.0
1393482111460,0.0
1393482195290,0.0
1393482280720,0.0
1393482365700,0.0
1393482449470,0.0
1393482536640,0.0
1393482639550,0.0
1393482727530,0.0
1393482812040,0.0
1393482899940,0.0
1393482987410,0.0
1393483071680,0.0
1393483155630,0.0
1393483241840,0.0
1393483355840,0.0
1393483439740,0.0
1393483538090,0.0
1393483636050,0.0
1393483721340,0.0
1393483807030,0.0
1393483893240,0.0
1393484002040,0.0
1393484102420,0.0
1393484186420,0.0
1393484270360,0.0
1393484356340,0.0
1393484446870,0.0
1393484534020,0.0
1393484621660,0.0
1393484705460,0.0
1393484789300,0.0
1393484873550,0.0
1393484958240,0.0
1393485042240,0.0
1393485125940,0.0
1393485209530,0.0
1393485293670,0.0
1393485383710,0.0
1393485467600,0.0
1393485551120,0.0
1393485635080,0.0
1393485719260,0.0
1393485803490,0.0
1393485888790,0.0
1393486056460,0.0
1393486138810,0.0
1393486295920,0.0
1393486379260,0.0
1393486462320,0.0
1393486545670,0.0
1393486628660,0.0
1393486711680,0.0
1393486794730,0.0
1393486877830,0.0
1393487090810,0.0
1393487151180,0.0
1393487211210,0.0
1393487271200,0.0
1393487331450,0.0
1393487391560,0.0
1393487451800,0.0
1393487512190,0.0
1393487572530,0.0
1393487632920,0.0
1393487693040,0.0
1393487754220,0.0
1393487814200,0.0
1393487874280,0.0
1393487934590,0.0
1393487994850,0.0
1393488054910,0.0
1393488115270,0.0
1393488175730,0.0
1393488235760,0.0
1393488295980,0.0
1393488356480,0.0
1393488416680,0.0
1393488477140,0.0
1393488537860,0.0
1393488599110,0.0
1393488659870,0.0
1393488720050,0.0
1393488780490,0.0
1393488840800,0.0
1393488901630,0.0
1393488961270,0.0
1393489021590,0.0
1393489082080,0.0
1393489142440,0.0
1393489203510,0.0
1393489264370,0.0
1393489324990,0.0
1393489386030,0.0
1393489446920,0.0
1393489507490,0.0
1393489568170,0.0
1393489629210,0.0
1393489690450,0.0
1393489751990,0.0
1393489812730,0.0
1393489873500,0.0
1393489934060,0.0
1393489994280,0.0
1393490054670,0.0
1393490114730,0.0
1393490175450,0.0
1393490236060,0.0
1393490296850,0.0
1393490357600,0.0
1393490418260,0.0
1393490479270,0.0
1393490539840,0.0
1393490600350,0.0
1393490661000,0.0
1393490721300,0.0
1393490780390,0.0
1393490841400,0.0
1393490901650,0.0
1393490962360,0.0
1393491023540,0.0
1393491084570,0.0
1393491144950,0.0
1393491205270,0.0
1393491266050,0.0
1393491326290,0.0
1393491386690,0.0
1393491447270,0.0
1393491507950,0.0
1393491568200,0.0
1393491628900,0.0
1393509202400,0.0
1393509262240,0.0
1393509322250,0.0
1393509382650,0.0
1393509442380,0.0
1393509503450,0.0
1393509562890,0.0
1393509623750,0.0
1393509683350,0.0
1393509744360,0.0
1393509803910,0.0
1393509864640,0.0
1393509924270,0.0
1393509984160,0.0
1393510044270,0.0
1393510105170,0.0
1393510165290,0.0
1393510224680,0.0
1393510285650,0.0
1393510406320,0.0
1393510467570,0.0
1393510526650,0.0
1393510587520,0.0
1393510646630,0.0
1393510708430,0.0
1393510769870,0.0
1393510830300,0.0
1393510890220,0.0
1393510949650,0.0
1393511009560,0.0
1393511069720,0.0
1393511130870,0.0
1393511189960,0.0
1393511251270,0.0
1393511310950,0.0
1393511370860,0.0
1393511430950,0.0
1393512173210,0.0
1393512232640,0.0
1393512292900,0.0
1393512352650,0.0
1393512412760,0.0
1393512472850,0.0
1393512532540,0.0
1393512593520,0.0
1393512653710,0.0
1393512715130,0.0
1393512774380,0.0
1393512834750,0.0
1393512894670,0.0
1393512954540,0.0
1393513015440,0.0
1393513074840,0.0
1393513135450,0.0
1393513194640,0.0
1393513254830,0.0
1393513316140,0.0
1393513376080,0.0
1393513435480,0.0
1393513496340,0.0
1393513555420,0.0
1393513676980,0.0
1393513736970,0.0
1393513797180,0.0
1393513857850,0.0
