1392826837720,-11526.5882353
1392826874850,-9332.3125
1392827011040,-5028.0
1392827050910,4148.23529412
1392827092190,-9413.55555556
1392827131250,-10215.2352941
1392827172340,-7798.94117647
1392827212680,-11172.0588235
1392827252150,-5616.70588235
1392827291840,-19264.3529412
1392827442480,-12020.5
1392827471300,-18314.5
1392827625620,-7934.66666667
1392827664070,-10576.6470588
1392975593230,-14122.5625
1392976815360,-14364.3837429
1392978037410,-12147.2862595
1392979259130,-12292.8857143
1392980481540,-9945.39811321
1392981702850,-12245.9886578
1392982923840,-10255.3214286
1392994525140,-9047.75845411
1392995744730,-6383.6867863
1392996963270,-9139.3817292
1392998185640,-10577.0570962
1392999403730,-10211.91354
