1392826837720,-799.058823529
1392826874850,-11502.25
1392827011040,-7304.64705882
1392827050910,-9479.88235294
1392827092190,2557.66666667
1392827131250,-7425.17647059
1392827172340,405.470588235
1392827212680,-6588.58823529
1392827252150,-10805.0
1392827291840,-16821.7647059
1392827442480,-11374.25
1392827471300,5124.0
1392827625620,-3485.5
1392827664070,-7800.52941176
1392975593230,-12837.0125
1392976815360,-13371.5066163
1392978037410,-12948.4694656
1392979259130,-12126.9885714
1392980481540,-11106.454717
1392981702850,-10166.7693762
1392982923840,-9304.33531746
1392994525140,-8726.79710145
1392995744730,-7616.56769984
1392996963270,-8964.56606852
1392998185640,-9745.28711256
1392999403730,-10324.5154976
