1393873696548,141.869888306
1393873726037,141.877853394
1393873727121,141.878417969
1393873728201,141.878982544
1393873729282,141.878982544
1393873730362,141.879562378
1393873785458,141.893798828
1393873877002,141.896072388
1393873914811,141.930206299
1393873991562,141.951278687
1393874246754,142.022964478
1393874258752,142.026382446
1393874271058,142.029800415
1393874282740,142.03263855
1393876562146,142.666015625
1393876574155,142.669433594
1393876586157,142.672851562
1393876598174,142.676254272
1393877215318,142.847549438
1393877227327,142.850967407
1393877239336,142.854385376
1393877251346,142.857788086
1393877263356,142.860641479
1393877275366,142.864059448
1393877287376,142.867462158
1393877330004,142.87940979
1393877342010,142.882843018
1393877403086,142.899917603
1393877415097,142.903320312
1393877565936,142.944854736
1393877685941,142.978439331
1393877805947,143.011444092
1393877925953,143.045028687
1393878045959,143.078033447
1393878165980,143.111602783
1393878285986,143.145172119
1393945752616,161.886535645
1393945872621,161.92010498
1393950235982,163.132232666
1393955488530,164.591339111
1393956035764,164.743286133
1393956055769,164.748977661
1393956872116,164.976028442
1393957917403,165.26625061
1393958481624,165.42276001
1393958549090,165.44152832
1393958609106,165.458023071
1393959852047,165.803451538
1393959872052,165.809158325
1393959892058,165.814849854
1393959912064,165.819961548
1393959932070,165.825653076
1393959952076,165.831344604
1393959972082,165.837036133
1393959992088,165.842712402
1393960012094,165.847839355
1393960032099,165.853546143
1393960052105,165.859237671
1393960072110,165.864929199
1393960092116,165.870040894
1393960112121,165.875732422
1393960132126,165.88142395
1393960152132,165.887115479
1393960172138,165.892227173
1393960192144,165.897918701
1393960212149,165.903610229
1393960232154,165.909301758
1393960252160,165.914413452
1393960272165,165.920120239
1393960292171,165.925811768
1393960312176,165.931503296
1393960332182,165.937194824
1393960352187,165.942306519
1393960372193,165.947998047
1394052470698,191.532714844
1394053626298,191.853683472
1394053821965,191.907745361
1394120547623,192.049438477
1394123293568,192.812011719
1394123303572,192.814865112
