1393400967970,-30000.0
1393402195580,-30000.0
1393403420460,-30000.0
1393404645600,-30000.0
1393405870820,-30000.0
1393407095620,-30000.0
1393409446050,-30000.0
1393409533670,-30000.0
1393409625980,-30000.0
1393409829210,-30000.0
1393409914430,-30000.0
1393409997880,-30000.0
1393414466550,-30000.0
1393414551480,-30000.0
1393414635660,-30000.0
1393414719740,-30000.0
1393414804220,-30000.0
1393414888050,-30000.0
1393414972230,-30000.0
1393415056210,-30000.0
1393415141540,-30000.0
1393415226060,-30000.0
1393415310250,-30000.0
1393415394330,-30000.0
1393415478420,-30000.0
1393415562610,-30000.0
1393415646750,-30000.0
1393415730930,-30000.0
1393415817710,-30000.0
1393415901740,-30000.0
1393415985620,-30000.0
1393416070080,-30000.0
1393416155670,-30000.0
1393416239930,-30000.0
1393416323990,-30000.0
1393416420890,-30000.0
1393416504850,-30000.0
1393416589120,-30000.0
1393416673330,-30000.0
1393416757610,-30000.0
1393416841250,-30000.0
1393416925450,-30000.0
1393417009450,-30000.0
1393417093370,-30000.0
1393417177060,-30000.0
1393417261170,-30000.0
1393417345230,-30000.0
1393417429590,-30000.0
1393417513710,-30000.0
1393417597830,-30000.0
1393417681590,-30000.0
1393417765320,-30000.0
1393417849080,-30000.0
1393417933500,-30000.0
1393418018690,-30000.0
1393418105500,-30000.0
1393418189030,-30000.0
1393418273240,-30000.0
1393418357090,-30000.0
1393418441210,-30000.0
1393418524920,-30000.0
1393418608970,-30000.0
1393418692890,-30000.0
1393418776720,-30000.0
1393418860430,-30000.0
1393418944520,-30000.0
1393419028930,-30000.0
1393419113510,-30000.0
1393419197870,-30000.0
1393419281840,-30000.0
1393419366240,-30000.0
1393419450440,-30000.0
1393419534490,-30000.0
1393419618950,-30000.0
1393419703310,-30000.0
1393419787930,-30000.0
1393419871720,-30000.0
1393419956070,-30000.0
1393420039970,-30000.0
1393420123900,-30000.0
1393420207780,-30000.0
1393420291650,-30000.0
1393420375480,-30000.0
1393420462540,-30000.0
1393420546310,-30000.0
1393420630380,-30000.0
1393420714270,-30000.0
1393420798270,-30000.0
1393420882040,-30000.0
1393420965850,-30000.0
1393421049810,-30000.0
1393421133340,-30000.0
1393421217130,-30000.0
1393421300820,-30000.0
1393421384690,-30000.0
1393421468940,-30000.0
1393421553360,-30000.0
1393421637340,-30000.0
1393421724720,-30000.0
1393421808710,-30000.0
1393421892750,-30000.0
1393421976780,-30000.0
1393422061150,-30000.0
1393422145080,-30000.0
1393422229130,-30000.0
1393422313390,-30000.0
1393422397270,-30000.0
1393422481660,-30000.0
1393422565700,-30000.0
1393422649480,-30000.0
1393422733410,-30000.0
1393422816990,-30000.0
1393422902030,-30000.0
1393422985980,-30000.0
1393423070040,-30000.0
1393423154280,-30000.0
1393423238570,-30000.0
1393423322470,-30000.0
1393423406440,-30000.0
1393423490870,-30000.0
1393423577060,-30000.0
1393423661220,-30000.0
1393423746940,-30000.0
1393423835250,-30000.0
1393423919420,-30000.0
1393424003710,-30000.0
1393424087610,-30000.0
1393424171560,-30000.0
1393424255510,-30000.0
1393424339400,-30000.0
1393424423050,-30000.0
1393424507070,-30000.0
1393424591120,-30000.0
1393424675030,-30000.0
1393424759110,-30000.0
1393424842940,-30000.0
1393424927020,-30000.0
1393425011140,-30000.0
1393425095160,-30000.0
1393425179340,-30000.0
1393425263040,-30000.0
1393425347650,-30000.0
1393425431840,-30000.0
1393425515770,-30000.0
1393425599760,-30000.0
1393425683930,-30000.0
1393425768040,-30000.0
1393425852500,-30000.0
1393425936480,-30000.0
1393426020240,-30000.0
1393426104540,-30000.0
1393426188710,-30000.0
1393426272750,-30000.0
1393426357240,-30000.0
1393426441680,-30000.0
1393426525540,-30000.0
1393426609980,-30000.0
1393426694960,-30000.0
1393426778900,-30000.0
1393426863310,-30000.0
1393426946990,-30000.0
1393427030870,-30000.0
1393427114950,-30000.0
1393427198730,-30000.0
1393427282990,-30000.0
1393427368100,-30000.0
1393427452430,-30000.0
1393427542610,-30000.0
1393427626440,-30000.0
1393427710450,-30000.0
1393427795640,-30000.0
1393427880200,-30000.0
1393427964300,-30000.0
1393428048230,-30000.0
1393428132120,-30000.0
1393428216030,-30000.0
1393428299870,-30000.0
1393428384430,-30000.0
1393428468410,-30000.0
1393428552630,-30000.0
1393428636250,-30000.0
1393428721950,-30000.0
1393428805950,-30000.0
1393428889970,-30000.0
1393428973820,-30000.0
1393429058440,-30000.0
1393429142790,-30000.0
1393429226680,-30000.0
1393429310710,-30000.0
1393429394870,-30000.0
1393429478940,-30000.0
1393429563010,-30000.0
1393429652850,-30000.0
1393429736770,-30000.0
1393429820750,-30000.0
1393429904730,-30000.0
1393430002910,-30000.0
1393430087120,-30000.0
1393430174600,-30000.0
1393430287340,-30000.0
1393430375330,-30000.0
1393430466250,-30000.0
1393430549990,-30000.0
1393430634200,-30000.0
1393430718340,-30000.0
1393430802680,-30000.0
1393430886630,-30000.0
1393430970760,-30000.0
1393431055090,-30000.0
1393431138850,-30000.0
1393431223500,-30000.0
1393431315720,-30000.0
1393431400870,-30000.0
1393431484960,-30000.0
1393431568760,-30000.0
1393431652920,-30000.0
1393431736750,-30000.0
1393431821020,-30000.0
1393431904850,-30000.0
1393431988860,-30000.0
1393432072590,-30000.0
1393432156570,-30000.0
1393432240570,-30000.0
1393432324410,-30000.0
1393432408260,-30000.0
1393432492300,-30000.0
1393432576230,-30000.0
1393432660300,-30000.0
1393432744220,-30000.0
1393432828090,-30000.0
1393432911730,-30000.0
1393432995680,-30000.0
1393433079550,-30000.0
1393433163530,-30000.0
1393433247320,-30000.0
1393433331230,-30000.0
1393433415200,-30000.0
1393433499070,-30000.0
1393433583150,-30000.0
1393433667150,-30000.0
1393433751330,-30000.0
1393433835130,-30000.0
1393433919060,-30000.0
1393434002850,-30000.0
1393434086760,-30000.0
1393434170760,-30000.0
1393434254650,-30000.0
1393434338890,-30000.0
1393434422830,-30000.0
1393434506430,-30000.0
1393434590150,-30000.0
1393434673860,-30000.0
1393434757960,-30000.0
1393434841840,-30000.0
1393434925610,-30000.0
1393435009450,-30000.0
1393435093230,-30000.0
1393435177200,-30000.0
1393435266840,-30000.0
1393435350820,-30000.0
1393435434520,-30000.0
1393435518440,-30000.0
1393435602540,-30000.0
1393435686260,-30000.0
1393435769850,-30000.0
1393435854380,-30000.0
1393435938520,-30000.0
1393436022700,-30000.0
1393436106610,-30000.0
1393436190490,-30000.0
1393436274240,-30000.0
1393436358110,-30000.0
1393436441800,-30000.0
1393436525840,-30000.0
1393436609690,-30000.0
1393436693730,-30000.0
1393436777560,-30000.0
1393436861840,-30000.0
1393436945620,-30000.0
1393437029700,-30000.0
1393437113360,-30000.0
1393437197130,-30000.0
1393437281250,-30000.0
1393437365410,-30000.0
1393437449100,-30000.0
1393437534260,-30000.0
1393437618280,-30000.0
1393437702270,-30000.0
1393437786430,-30000.0
1393437870290,-30000.0
1393437954250,-30000.0
1393438038020,-30000.0
1393438121930,-30000.0
1393438205760,-30000.0
1393438289630,-30000.0
1393438373560,-30000.0
1393438457280,-30000.0
1393438541230,-30000.0
1393438625100,-30000.0
1393438708850,-30000.0
1393438792930,-30000.0
1393438876910,-30000.0
1393438963450,-30000.0
1393439047310,-30000.0
1393439130910,-30000.0
1393439214770,-30000.0
1393439298760,-30000.0
1393439382790,-30000.0
1393439466850,-30000.0
1393439551190,-30000.0
1393439634930,-30000.0
1393439718710,-30000.0
1393439802690,-30000.0
1393439886680,-30000.0
1393439970950,-30000.0
1393440055060,-30000.0
1393440138870,-30000.0
1393440222890,-30000.0
1393440306820,-30000.0
1393440390760,-30000.0
1393440474500,-30000.0
1393440558520,-30000.0
1393440642480,-30000.0
1393440726190,-30000.0
1393440809740,-30000.0
1393440893740,-30000.0
1393440977920,-30000.0
1393441061850,-30000.0
1393441145820,-30000.0
1393441229620,-30000.0
1393441313490,-30000.0
1393441397610,-30000.0
1393441481280,-30000.0
1393441565200,-30000.0
1393441649290,-30000.0
1393441733080,-30000.0
1393441816800,-30000.0
1393441900870,-30000.0
1393441984960,-30000.0
1393442069110,-30000.0
1393442152840,-30000.0
1393442237260,-30000.0
1393442321410,-30000.0
1393442405430,-30000.0
1393442488850,-30000.0
1393442572840,-30000.0
1393442656740,-30000.0
1393442740690,-30000.0
1393442824320,-30000.0
1393442908350,-30000.0
1393442992270,-30000.0
1393443076450,-30000.0
1393443160140,-30000.0
1393443244210,-30000.0
1393443328160,-30000.0
1393443412030,-30000.0
1393443495820,-30000.0
1393443579880,-30000.0
1393443663830,-30000.0
1393443747870,-30000.0
1393443832510,-30000.0
1393443916670,-30000.0
1393444001040,-30000.0
1393444084860,-30000.0
1393444168580,-30000.0
1393444252620,-30000.0
1393444336710,-30000.0
1393444420540,-30000.0
1393444504530,-30000.0
1393444588540,-30000.0
1393444672240,-30000.0
1393444755860,-30000.0
1393444839640,-30000.0
1393444923540,-30000.0
1393445007640,-30000.0
1393445091600,-30000.0
1393445175550,-30000.0
1393445259710,-30000.0
1393445343740,-30000.0
1393445427540,-30000.0
1393445511440,-30000.0
1393445595390,-30000.0
1393445679330,-30000.0
1393445763220,-30000.0
1393445846810,-30000.0
1393445930920,-30000.0
1393446014690,-30000.0
1393446098790,-30000.0
1393446182840,-30000.0
1393446266670,-30000.0
1393446350620,-30000.0
1393446434310,-30000.0
1393446518370,-30000.0
1393446602190,-30000.0
1393446686230,-30000.0
1393446770080,-30000.0
1393446854040,-30000.0
1393446938020,-30000.0
1393447022290,-30000.0
1393447106510,-30000.0
1393447190120,-30000.0
1393447274070,-30000.0
1393447358020,-30000.0
1393447442010,-30000.0
1393447525720,-30000.0
1393447609570,-30000.0
1393447693510,-30000.0
1393447777520,-30000.0
1393447861480,-30000.0
1393447945350,-30000.0
1393448029220,-30000.0
1393448113370,-30000.0
1393448197340,-30000.0
1393448281120,-30000.0
1393448364740,-30000.0
1393448448990,-30000.0
1393448532840,-30000.0
1393448616820,-30000.0
1393448700580,-30000.0
1393448784410,-30000.0
1393448867890,-30000.0
1393448951750,-30000.0
1393449035720,-30000.0
1393449119660,-30000.0
1393449203350,-30000.0
1393449287420,-30000.0
1393449371350,-30000.0
1393449455250,-30000.0
1393449544050,-30000.0
1393449627840,-30000.0
1393449711920,-30000.0
1393449795620,-30000.0
1393449879580,-30000.0
1393449963460,-30000.0
1393450047230,-30000.0
1393450131180,-30000.0
1393450215110,-30000.0
1393450299050,-30000.0
1393450382820,-30000.0
1393450466890,-30000.0
1393450550740,-30000.0
1393450634790,-30000.0
1393450732040,-30000.0
1393450815820,-30000.0
1393450899520,-30000.0
1393450983590,-30000.0
1393451067480,-30000.0
1393451151530,-30000.0
1393451235610,-30000.0
1393451319420,-30000.0
1393451403640,-30000.0
1393451487860,-30000.0
1393451571720,-30000.0
1393451655650,-30000.0
1393451739750,-30000.0
1393451823620,-30000.0
1393451907280,-30000.0
1393451991240,-30000.0
1393452075140,-30000.0
1393452159190,-30000.0
1393452242850,-30000.0
1393452326990,-30000.0
1393452411990,-30000.0
1393452502780,-30000.0
1393452586490,-30000.0
1393452674100,-30000.0
1393452779070,-30000.0
1393452881890,-30000.0
1393452966010,-30000.0
1393453074260,-30000.0
1393453180040,-30000.0
1393453263980,-30000.0
1393453347900,-30000.0
1393453436150,-30000.0
1393453537920,-30000.0
1393453621750,-30000.0
1393453706030,-30000.0
1393453796430,-30000.0
1393453885020,-30000.0
1393453968690,-30000.0
1393454054940,-30000.0
1393454142880,-30000.0
1393454227280,-30000.0
1393454310890,-30000.0
1393454396170,-30000.0
1393454496590,-30000.0
1393454580920,-30000.0
1393454664780,-30000.0
1393454771070,-30000.0
1393454856040,-30000.0
1393454939650,-30000.0
1393455023950,-30000.0
1393455137610,-30000.0
1393455223380,-30000.0
1393455307590,-30000.0
1393455392020,-30000.0
1393455477320,-30000.0
1393455561860,-30000.0
1393455645660,-30000.0
1393455731930,-30000.0
1393455834450,-30000.0
1393455921970,-30000.0
1393456112040,-30000.0
1393456233000,-30000.0
1393456333770,-30000.0
1393456449520,-30000.0
1393456536280,-30000.0
1393456687470,-30000.0
1393456775610,-30000.0
1393456922410,-30000.0
1393457009500,-30000.0
1393457161000,-30000.0
1393457246500,-30000.0
1393457333550,-30000.0
1393457418880,-30000.0
1393457503720,-30000.0
1393457587560,-30000.0
1393457672210,-30000.0
1393457757520,-30000.0
1393457841750,-30000.0
1393457925560,-30000.0
1393458010420,-30000.0
1393458109630,-30000.0
1393458193450,-30000.0
1393458277130,-30000.0
1393458362270,-30000.0
1393458447180,-30000.0
1393458531170,-30000.0
1393458615760,-30000.0
1393458701210,-30000.0
1393458785610,-30000.0
1393458869350,-30000.0
1393458953910,-30000.0
1393459039640,-30000.0
1393459124000,-30000.0
1393459208030,-30000.0
1393459292650,-30000.0
1393459377920,-30000.0
1393459462100,-30000.0
1393459546040,-30000.0
1393459630980,-30000.0
1393459716390,-30000.0
1393459802250,-30000.0
1393459886750,-30000.0
1393459971900,-30000.0
1393460057020,-30000.0
1393460144200,-30000.0
1393460228600,-30000.0
1393460313770,-30000.0
1393460398230,-30000.0
1393460482010,-30000.0
1393460566840,-30000.0
1393460651950,-30000.0
1393460736250,-30000.0
1393460820340,-30000.0
1393460905320,-30000.0
1393460990270,-30000.0
1393461074280,-30000.0
1393461158360,-30000.0
1393461243460,-30000.0
1393461328130,-30000.0
1393461412420,-30000.0
1393461496780,-30000.0
1393461581640,-30000.0
1393461665580,-30000.0
1393461749650,-30000.0
1393461834320,-30000.0
1393461918370,-30000.0
1393462002290,-30000.0
1393462086310,-30000.0
1393462170760,-30000.0
1393462254720,-30000.0
1393462338570,-30000.0
1393462422710,-30000.0
1393462507400,-30000.0
1393462591970,-30000.0
1393462675670,-30000.0
1393462760300,-30000.0
1393462874850,-30000.0
1393462959580,-30000.0
1393463043450,-30000.0
1393463128160,-30000.0
1393463213280,-30000.0
1393463297590,-30000.0
1393463381630,-30000.0
1393463467170,-30000.0
1393463553000,-30000.0
1393463637490,-30000.0
1393463721690,-30000.0
1393463806790,-30000.0
1393463891460,-30000.0
1393463975560,-30000.0
1393464060180,-30000.0
1393464144980,-30000.0
1393464229400,-30000.0
1393464313510,-30000.0
1393464401050,-30000.0
1393464485650,-30000.0
1393464569620,-30000.0
1393464653530,-30000.0
1393464737440,-30000.0
1393464822090,-30000.0
1393464905900,-30000.0
1393464989830,-30000.0
1393465073770,-30000.0
1393465157950,-30000.0
1393465242520,-30000.0
1393465326540,-30000.0
1393465410430,-30000.0
1393465494230,-30000.0
1393465578070,-30000.0
1393465661890,-30000.0
1393465745840,-30000.0
1393465829720,-30000.0
1393465913550,-30000.0
1393465997620,-30000.0
1393466081370,-30000.0
1393466165370,-30000.0
1393466249190,-30000.0
1393466333370,-30000.0
1393466416990,-30000.0
1393466500840,-30000.0
1393466584800,-30000.0
1393466669250,-30000.0
1393466753230,-30000.0
1393466837330,-30000.0
1393466921450,-30000.0
1393467005920,-30000.0
1393467089880,-30000.0
1393467173770,-30000.0
1393467257580,-30000.0
1393467341450,-30000.0
1393467425730,-30000.0
1393467509350,-30000.0
1393467593240,-30000.0
1393467677190,-30000.0
1393467761220,-30000.0
1393467845170,-30000.0
1393467929160,-30000.0
1393468013240,-30000.0
1393468096750,-30000.0
1393468181020,-30000.0
1393468265850,-30000.0
1393468350070,-30000.0
1393468433920,-30000.0
1393468517860,-30000.0
1393468602280,-30000.0
1393468686530,-30000.0
1393468770340,-30000.0
1393468856400,-30000.0
1393468940350,-30000.0
1393469024300,-30000.0
1393469108320,-30000.0
1393469192560,-30000.0
1393469276760,-30000.0
1393469360740,-30000.0
1393469444570,-30000.0
1393469528560,-30000.0
1393469612330,-30000.0
1393469696270,-30000.0
1393469779780,-30000.0
1393469863640,-30000.0
1393469947330,-30000.0
1393470031120,-30000.0
1393470115740,-30000.0
1393470200350,-30000.0
1393470284430,-30000.0
1393470368650,-30000.0
1393470452700,-30000.0
1393470537090,-30000.0
1393470620800,-30000.0
1393470704700,-30000.0
1393470789160,-30000.0
1393470873060,-30000.0
1393470963750,-30000.0
1393471047800,-30000.0
1393471131570,-30000.0
1393471215810,-30000.0
1393471299720,-30000.0
1393471383520,-30000.0
1393471467240,-30000.0
1393471551210,-30000.0
1393471635210,-30000.0
1393471719180,-30000.0
1393471802790,-30000.0
1393471886710,-30000.0
1393471971010,-30000.0
1393472055850,-30000.0
1393472140200,-30000.0
1393472224550,-30000.0
1393472308680,-30000.0
1393472392450,-30000.0
1393472476420,-30000.0
1393472560670,-30000.0
1393472662950,-30000.0
1393472746850,-30000.0
1393472830640,-30000.0
1393472914570,-30000.0
1393472998520,-30000.0
1393473082810,-30000.0
1393473166430,-30000.0
1393473250330,-30000.0
1393473334130,-30000.0
1393473417910,-30000.0
1393473501570,-30000.0
1393473585720,-30000.0
1393473670730,-30000.0
1393473754850,-30000.0
1393473838580,-30000.0
1393473922660,-30000.0
1393474006600,-30000.0
1393474090330,-30000.0
1393474174150,-30000.0
1393474259700,-30000.0
1393474343820,-30000.0
1393474427990,-30000.0
1393474511870,-30000.0
1393474595740,-30000.0
1393474679750,-30000.0
1393474763750,-30000.0
1393474847540,-30000.0
1393474931450,-30000.0
1393475015310,-30000.0
1393475098990,-30000.0
1393475182390,-30000.0
1393475266480,-30000.0
1393475350560,-30000.0
1393475434550,-30000.0
1393475519040,-30000.0
1393475603600,-30000.0
1393475687480,-30000.0
1393475771190,-30000.0
1393475855280,-30000.0
1393475939030,-30000.0
1393476022870,-30000.0
1393476106730,-30000.0
1393476190630,-30000.0
1393476274680,-30000.0
1393476358950,-30000.0
1393476443000,-30000.0
1393476527140,-30000.0
1393476611190,-30000.0
1393476694960,-30000.0
1393476778760,-30000.0
1393476862860,-30000.0
1393476946820,-30000.0
1393477030940,-30000.0
1393477115310,-30000.0
1393477199240,-30000.0
1393477283240,-30000.0
1393477367390,-30000.0
1393477451930,-30000.0
1393477536340,-30000.0
1393477620250,-30000.0
1393477704570,-30000.0
1393477789370,-30000.0
1393477873600,-30000.0
1393477958160,-30000.0
1393478043100,-30000.0
1393478128210,-30000.0
1393478211690,-30000.0
1393478313130,-30000.0
1393478398230,-30000.0
1393478482930,-30000.0
1393478566570,-30000.0
1393478650960,-30000.0
1393478736140,-30000.0
1393478820960,-30000.0
1393478904700,-30000.0
1393478989130,-30000.0
1393479074730,-30000.0
1393479158820,-30000.0
1393479243040,-30000.0
1393479328010,-30000.0
1393479413150,-30000.0
1393479497110,-30000.0
1393479581220,-30000.0
1393479667170,-30000.0
1393479752240,-30000.0
1393479836290,-30000.0
1393479934520,-30000.0
1393480019750,-30000.0
1393480104310,-30000.0
1393480188040,-30000.0
1393480273980,-30000.0
1393480359260,-30000.0
1393480444570,-30000.0
1393480528490,-30000.0
1393480613710,-30000.0
1393480715630,-30000.0
1393480799450,-30000.0
1393480883300,-30000.0
1393480968370,-30000.0
1393481067810,-30000.0
1393481152030,-30000.0
1393481236220,-30000.0
1393481321810,-30000.0
1393481406550,-30000.0
1393481490420,-30000.0
1393481574800,-30000.0
1393481659750,-30000.0
1393481744280,-30000.0
1393481827940,-30000.0
1393481941330,-30000.0
1393482026480,-30000.0
1393482111460,-30000.0
1393482195290,-30000.0
1393482280720,-30000.0
1393482365700,-30000.0
1393482449470,-30000.0
1393482536640,-30000.0
1393482639550,-30000.0
1393482727530,-30000.0
1393482812040,-30000.0
1393482899940,-30000.0
1393482987410,-30000.0
1393483071680,-30000.0
1393483155630,-30000.0
1393483241840,-30000.0
1393483355840,-30000.0
1393483439740,-30000.0
1393483538090,-30000.0
1393483636050,-30000.0
1393483721340,-30000.0
1393483807030,-30000.0
1393483893240,-30000.0
1393484002040,-30000.0
1393484102420,-30000.0
1393484186420,-30000.0
1393484270360,-30000.0
1393484356340,-30000.0
1393484446870,-30000.0
1393484534020,-30000.0
1393484621660,-30000.0
1393484705460,-30000.0
1393484789300,-30000.0
1393484873550,-30000.0
1393484958240,-30000.0
1393485042240,-30000.0
1393485125940,-30000.0
1393485209530,-30000.0
1393485293670,-30000.0
1393485383710,-30000.0
1393485467600,-30000.0
1393485551120,-30000.0
1393485635080,-30000.0
1393485719260,-30000.0
1393485803490,-30000.0
1393486056460,-30000.0
1393486295920,-30000.0
1393486379260,-30000.0
1393486462320,-30000.0
1393486545670,-30000.0
1393486628660,-30000.0
1393486711680,-30000.0
1393486794730,-30000.0
1393486877830,-30000.0
1393487090810,-30000.0
1393487151180,-30000.0
1393487211210,-30000.0
1393487271200,-30000.0
1393487331450,-30000.0
1393487391560,-30000.0
1393487451800,-30000.0
1393487512190,-30000.0
1393487572530,-30000.0
1393487632920,-30000.0
1393487693040,-30000.0
1393487754220,-30000.0
1393487814200,-30000.0
1393487874280,-30000.0
1393487934590,-30000.0
1393487994850,-30000.0
1393488054910,-30000.0
1393488115270,-30000.0
1393488175730,-30000.0
1393488235760,-30000.0
1393488295980,-30000.0
1393488356480,-30000.0
1393488416680,-30000.0
1393488477140,-30000.0
1393488537860,-30000.0
1393488599110,-30000.0
1393488659870,-30000.0
1393488720050,-30000.0
1393488780490,-30000.0
1393488840800,-30000.0
1393488901630,-30000.0
1393488961270,-30000.0
1393489021590,-30000.0
1393489082080,-30000.0
1393489142440,-30000.0
1393489203510,-30000.0
1393489264370,-30000.0
1393489324990,-30000.0
1393489386030,-30000.0
1393489446920,-30000.0
1393489507490,-30000.0
1393489568170,-30000.0
1393489629210,-30000.0
1393489690450,-30000.0
1393489751990,-30000.0
1393489812730,-30000.0
1393489873500,-30000.0
1393489934060,-30000.0
1393489994280,-30000.0
1393490054670,-30000.0
1393490114730,-30000.0
1393490175450,-30000.0
1393490236060,-30000.0
1393490296850,-30000.0
1393490357600,-30000.0
1393490418260,-30000.0
1393490479270,-30000.0
1393490539840,-30000.0
1393490600350,-30000.0
1393490661000,-30000.0
1393490721300,-30000.0
1393490780390,-30000.0
1393490841400,-30000.0
1393490901650,-30000.0
1393490962360,-30000.0
1393491023540,-30000.0
1393491084570,-30000.0
1393491144950,-30000.0
1393491205270,-30000.0
1393491266050,-30000.0
1393491326290,-30000.0
1393491386690,-30000.0
1393491447270,-30000.0
1393491507950,-30000.0
1393491568200,-30000.0
1393491628900,-30000.0
1393509202400,-30000.0
1393509262240,-30000.0
1393509322250,-30000.0
1393509382650,-30000.0
1393509442380,-30000.0
1393509503450,-30000.0
1393509562890,-30000.0
1393509623750,-30000.0
1393509683350,-30000.0
1393509744360,-30000.0
1393509803910,-30000.0
1393509864640,-30000.0
1393509924270,-30000.0
1393509984160,-30000.0
1393510044270,-30000.0
1393510105170,-30000.0
1393510165290,-30000.0
1393510224680,-30000.0
1393510285650,-30000.0
1393510406320,-30000.0
1393510467570,-30000.0
1393510526650,-30000.0
1393510587520,-30000.0
1393510646630,-30000.0
1393510708430,-30000.0
1393510769870,-30000.0
1393510830300,-30000.0
1393510890220,-30000.0
1393510949650,-30000.0
1393511009560,-30000.0
1393511069720,-30000.0
1393511130870,-30000.0
1393511189960,-30000.0
1393511251270,-30000.0
1393511310950,-30000.0
1393511370860,-30000.0
1393511430950,-30000.0
1393512173210,-30000.0
1393512232640,-30000.0
1393512292900,-30000.0
1393512352650,-30000.0
1393512412760,-30000.0
1393512472850,-30000.0
1393512532540,-30000.0
1393512593520,-30000.0
1393512653710,-30000.0
1393512715130,-30000.0
1393512774380,-30000.0
1393512834750,-30000.0
1393512894670,-30000.0
1393512954540,-30000.0
1393513015440,-30000.0
1393513074840,-30000.0
1393513135450,-30000.0
1393513194640,-30000.0
1393513254830,-30000.0
1393513316140,-30000.0
1393513376080,-30000.0
1393513435480,-30000.0
1393513496340,-30000.0
1393513555420,-30000.0
1393513676980,-30000.0
1393513736970,-30000.0
1393513797180,-30000.0
1393513857850,-30000.0
1393513981070,-30000.0
1393514041200,-30000.0
