1392826837720,-44.1249712776
1392827011040,-2.84682329963
1392827050910,-15.8220358456
1392827092190,-5.72794596354
1392827131250,-34.6290498621
1392827172340,-28.1577435662
1392827212680,-46.4441636029
1392827252150,21.9267003676
1392827291840,1.89309512868
1392827442480,-16.9583129883
1392827625620,-18.5382758247
1392827664070,-5.78771254596
1392975593230,-32.3521270752
1392976815360,-32.1370796535
1392978037410,-30.0459720524
1392979259130,-27.898530506
1392980481540,-27.5126860996
1392981702850,-24.8859600219
1392982923840,-24.981035505
1392994525140,-18.2261670001
1392995744730,-18.0409009227
1392996963270,-23.2251454489
1392998185640,-23.864841679
1392999403730,-28.3221764121
