1393360103739,1.03194176941
1393361311562,0.752107044777
1393362518775,0.535095735523
1393363727154,0.906805333142
1393364933504,0.736779460871
1393366140876,0.573729715944
1393367348875,0.839305136441
1393368575396,0.30933934992
1393369781993,0.58107808238
1393370989122,1.20695573781
1393372195615,2.02107602488
1393373403642,1.01346803843
1393374610382,0.994511468587
1393375817637,0.836718610889
1393377024018,0.607064973524
1393378235905,0.805545363653
1393379443082,0.502256899017
1393380650747,0.708263556767
1393381857750,0.666003090995
1393383064270,0.599007526427
1393384270923,0.971212197806
1393385478485,0.991825736495
1393386685624,0.773395914324
1393387892573,0.937746068051
1393389098678,1.00777110834
1393390305898,0.825177422885
1393391512963,1.25046062835
1393392722088,0.564152626242
1393393929165,0.811187276438
1393395136181,0.743143951299
1393396342934,0.460306047712
1393397550310,0.749811040257
1393398757474,0.910657850117
1393399964249,1.04034887093
1393401171087,0.864454468468
1393402378058,1.15701965679
1393403584601,1.6694246759
1393404791770,1.00388441864
1393405998504,0.134649345499
1393407205101,1.24116055744
1393408412242,0.928372059194
1393409619113,0.496412302556
1393410825861,1.08676182206
1393412032736,1.11022526489
1393413239736,0.853351281761
1393414446587,0.498051623466
1393415653418,0.335382624414
1393416860175,1.57357075816
1393418066209,0.751868962562
1393419273175,0.67285677918
1393420479921,0.426656550944
1393528999295,0.0
1393529019740,0.0
1393529068069,0.0
1393529087595,0.795265599301
1393529108233,1.29224596525
1393604262301,0.0
1393604334450,0.0
1393604594280,0.0
1393604614226,0.888826258042
1393604653645,0.0
1393604693421,0.795265599301
1393604753433,0.0
1393605805550,0.0
1393607571850,0.881851981668
1393621706494,1.98009000506
1393622257237,2.17097595215
1393623479133,2.84285040463
1393624679257,2.44572533422
1393858232142,0.910579625298
1393865410080,2.25606282552
1393866341533,0.629574887387
1393875762371,0.786885579427
1393877402908,0.0
1393877565622,2.82190436286
1393877685740,1.30981390326
1393877805777,1.53100750897
1393877925873,1.31020760751
1393878045891,2.07512163042
1393878165960,0.407951286247
1393878285954,1.54783684867
1393945752315,0.272253088049
1393945872297,0.269822256906
1393950235343,0.0
1393955487896,0.839447021484
1393956035126,0.0
1393956871468,0.0
1393957916774,0.839447021484
1393958548461,0.0
1393958608930,3.1810623972
1393959851393,1.55379909939
1393959871855,2.26728579873
1393959891244,1.5905311986
1393959911692,0.0
1393959931070,0.795265599301
1393959951514,0.795265599301
1393959971975,0.0
1393959991347,0.0
1393960011812,0.795265599301
1393960031192,0.795265599301
1393960051625,0.0
1393960072076,0.0
1393960091466,0.0
1393960111933,0.795265599301
1393960131308,0.0
1393960151747,0.795265599301
1393960171122,0.795265599301
1393960191599,0.0
1393960212044,0.795265599301
1393960231412,0.795265599301
1393960251877,0.795265599301
1393960271263,0.0
1393960291715,0.795265599301
1393960312160,0.795265599301
1393960331537,0.0
1393960351987,0.0
1393960371365,0.795265599301
1395079512172,-1.29518852017
1395079989684,-1.29285759059
1395080049348,-1.29354972731
1395080109193,-1.2929592436
1395080170272,-1.29366151132
1395080229377,-1.29374057466
1395080289683,-1.29417152007
1395082307321,-1.30107878555
1395082367005,-1.29697486921
1395082426842,-1.29702787977
1395082487903,-1.29695725279
1395082546935,-1.29686107245
1395082607267,-1.29582404729
1395082667775,-1.29532840716
